chrom	start	end	new_sample_id	new_family_id	ref	alt	mut	new_paternal_id	new_maternal_id	kid_ref_depth	kid_alt_depth	kid_total_depth	kid_allele_balance	mom_ref_depth	mom_alt_depth	mom_total_depth	dad_ref_depth	dad_alt_depth	dad_total_depth	kid_qual	mom_qual	dad_qual	grandparental_evidence	paternal_age_at_conception	maternal_age_at_conception	phase
1	24594812	24594813	328	20	C	T	C>T	330	329	38	0	38	0.0	34	0	34	35	0	35	76.0	90.0	99.0		22.8	21.6	maternal
1	172667699	172667700	31	2	T	A	T>A	19	18	53	0	53	0.0	28	0	28	36	0	36	87.0	81.0	99.0		27.2	23.5	maternal
10	13245473	13245474	454	24	T	C	T>C	442	443	40	0	40	0.0	35	0	35	30	0	30	37.0	99.0	75.0		38.7	27.1	maternal
10	56668452	56668453	4	1	G	A	CpG>TpG	8	7	53	0	53	0.0	27	0	27	38	0	38	44.0	75.0	99.0		26.6	21.6	paternal
11	60108147	60108148	191	12	G	A	C>T	203	202	42	0	42	0.0	21	0	21	39	0	39	47.0	60.0	99.0		22.3	19.8	maternal
11	81736921	81736922	530	28	T	A	T>A	531	532	41	0	41	0.0	37	0	37	26	0	26	51.0	99.0	72.0		31.7	35.0	paternal
11	82883368	82883369	349	21	C	T	CpG>TpG	345	346	35	0	35	0.0	37	0	37	26	0	26	27.0	99.0	78.0		35.2	31.6	paternal
12	97392645	97392646	426	24	A	C	T>G	442	443	33	0	33	0.0	27	0	27	27	0	27	21.0	81.0	71.0		37.4	25.8	paternal
13	62153311	62153312	144	9	A	G	T>C	147	146	37	0	37	0.0	21	0	21	28	0	28	58.0	60.0	81.0		18.4	20.4	maternal
13	78635354	78635355	231	14	C	T	CpG>TpG	233	232	39	0	39	0.0	35	0	35	29	0	29	36.0	99.0	81.0		33.9	30.7	paternal
15	60531907	60531908	40	2	G	A	C>T	16	15	37	0	37	0.0	19	0	19	30	0	30	43.0	45.0	84.0		27.6	29.3	maternal
16	14125989	14125990	308	19	C	T	C>T	293	294	50	0	50	0.0	32	0	32	28	0	28	73.0	90.0	84.0		37.5	33.3	maternal
16	20819292	20819293	519	28	G	A	C>T	529	528	49	0	49	0.0	38	0	38	34	0	34	70.0	99.0	99.0		37.3	29.6	paternal
16	51411072	51411073	259	16	A	G	T>C	260	262	50	0	50	0.0	32	0	32	25	0	25	78.0	82.0	72.0		24.1	23.7	paternal
16	58137080	58137081	328	20	G	C	C>G	330	329	33	0	33	0.0	38	0	38	38	0	38	39.0	99.0	99.0		22.8	21.6	paternal
2	198354860	198354861	308	19	C	G	C>G	293	294	32	0	32	0.0	38	0	38	26	0	26	21.0	99.0	75.0		37.5	33.3	paternal
2	217738080	217738081	455	24	C	T	C>T	457	456	31	0	31	0.0	38	0	38	37	0	37	21.0	99.0	99.0		23.8	19.7	maternal
20	10969794	10969795	494	25	T	A	T>A	480	481	54	0	54	0.0	25	0	25	37	0	37	76.0	72.0	99.0		21.0	20.5	paternal
20	52866048	52866049	297	19	G	T	C>A	306	307	34	0	34	0.0	25	0	25	36	0	36	27.0	63.0	99.0		31.6	32.5	paternal
20	58295682	58295683	570	31	C	A	C>A	572	571	39	0	39	0.0	28	0	28	21	0	21	79.0	81.0	60.0		25.1	24.7	maternal
20	62477705	62477706	297	19	C	T	CpG>TpG	306	307	40	0	40	0.0	37	0	37	34	0	34	81.0	99.0	99.0		31.6	32.5	paternal
3	122905460	122905461	530	28	C	T	CpG>TpG	531	532	36	0	36	0.0	26	0	26	27	0	27	40.0	78.0	72.0		31.7	35.0	maternal
3	181864105	181864106	584	32	G	A	CpG>TpG	576	577	48	0	48	0.0	30	0	30	31	0	31	63.0	90.0	90.0		22.6	16.4	paternal
6	7531813	7531814	211	13	A	C	T>G	208	207	37	0	37	0.0	36	0	36	37	0	37	31.0	99.0	99.0		37.5	33.0	maternal
6	100722679	100722680	48	3	G	T	C>A	46	43	35	0	35	0.0	35	0	35	23	0	23	26.0	99.0	66.0		36.9	31.6	paternal
7	86028455	86028456	308	19	G	A	C>T	293	294	42	0	42	0.0	29	0	29	35	0	35	50.0	84.0	99.0		37.5	33.3	paternal
7	122577829	122577830	164	10	A	G	T>C	165	159	35	0	35	0.0	37	0	37	34	0	34	22.0	99.0	99.0		30.8	28.7	maternal
8	12083527	12083528	362	22	G	C	C>G	372	371	39	0	39	0.0	18	0	18	44	0	44	38.0	18.0	99.0		21.8	17.1	na
8	39688811	39688812	287	18	G	T	C>A	291	292	40	0	40	0.0	35	0	35	37	0	37	42.0	99.0	99.0		28.2	21.9	maternal
8	104347761	104347762	327	20	A	G	T>C	332	331	36	0	36	0.0	24	0	24	28	0	28	38.0	72.0	81.0		24.5	23.1	paternal
9	106254275	106254276	257	16	C	T	C>T	261	263	25	0	25	0.0	28	0	28	34	0	34	36.0	81.0	90.0		30.8	22.0	paternal
1	10290763	10290764	211	13	G	A	C>T	208	207	30	5	35	0.14285714285700002	28	0	28	30	0	30	79.0	81.0	84.0	0.0	37.5	33.0	paternal
1	11185238	11185239	489	25	G	A	C>T	484	483	41	5	46	0.108695652174	28	0	28	25	0	25	52.0	81.0	72.0	0.0	23.9	22.5	paternal
1	11973485	11973486	328	20	C	T	C>T	330	329	42	7	49	0.14285714285700002	32	0	32	35	0	35	99.0	90.0	99.0	0.0	22.8	21.6	paternal
1	36518605	36518606	558	30	T	C	T>C	553	554	21	4	25	0.16	21	0	21	33	0	33	67.0	60.0	90.0	0.0	37.1	35.9	maternal
1	40689786	40689787	145	9	C	T	C>T	141	140	32	5	37	0.135135135135	35	0	35	37	0	37	82.0	93.0	99.0	0.0	21.3	19.1	maternal
1	43222266	43222267	164	10	C	T	CpG>TpG	165	159	32	5	37	0.135135135135	37	0	37	38	0	38	43.0	99.0	99.0	0.0	30.8	28.7	paternal
1	95546068	95546069	231	14	T	G	T>G	233	232	24	4	28	0.14285714285700002	28	0	28	29	0	29	71.0	84.0	74.0	0.0	33.9	30.7	paternal
1	103732773	103732774	257	16	C	G	C>G	261	263	26	5	31	0.16129032258099998	20	0	20	33	0	33	71.0	57.0	85.0	0.0	30.8	22.0	paternal
1	155733717	155733718	462	24	C	T	CpG>TpG	457	456	26	6	32	0.1875	25	0	25	30	0	30	99.0	72.0	87.0	0.0	27.5	23.4	paternal
1	173846795	173846796	489	25	G	A	C>T	484	483	30	6	36	0.166666666667	27	0	27	34	0	34	99.0	81.0	99.0	0.0	23.9	22.5	paternal
1	174370078	174370079	211	13	A	G	T>C	208	207	28	5	33	0.151515151515	21	0	21	34	0	34	78.0	54.0	99.0	0.0	37.5	33.0	paternal
1	185279461	185279462	569	31	G	C	C>G	562	563	13	3	16	0.1875	35	0	35	16	0	16	67.0	37.0	48.0	0.0	33.1	32.0	paternal
1	190673806	190673807	76	4	T	C	T>C	67	66	25	4	29	0.137931034483	35	0	35	34	0	34	62.0	99.0	99.0	0.0	28.6	25.7	maternal
1	219001457	219001458	297	19	T	G	T>G	306	307	26	6	32	0.1875	26	0	26	37	0	37	99.0	60.0	81.0	0.0	31.6	32.5	paternal
1	230997612	230997613	454	24	G	A	CpG>TpG	442	443	34	8	42	0.190476190476	33	0	33	36	0	36	99.0	93.0	99.0	0.0	38.7	27.1	maternal
10	3969170	3969171	462	24	A	C	T>G	457	456	37	7	44	0.159090909091	27	0	27	36	0	36	99.0	72.0	99.0	0.0	27.5	23.4	paternal
10	9590457	9590458	349	21	G	A	C>T	345	346	27	4	31	0.12903225806500002	43	0	43	25	0	25	62.0	99.0	75.0	0.0	35.2	31.6	maternal
10	10833674	10833675	558	30	G	A	CpG>TpG	553	554	29	5	34	0.14705882352900002	37	0	37	26	0	26	64.0	75.0	75.0	0.0	37.1	35.9	maternal
10	26713243	26713244	246	15	C	T	CpG>TpG	241	239	33	5	38	0.131578947368	27	0	27	33	0	33	82.0	75.0	99.0	0.0	37.2	34.7	maternal
10	36598158	36598159	454	24	A	T	T>A	442	443	34	8	42	0.190476190476	37	0	37	35	0	35	99.0	75.0	95.0	0.0	38.7	27.1	maternal
10	47081902	47081903	135	8	C	T	C>T	125	130	55	9	64	0.140625	40	0	40	70	0	70	99.0	99.0	99.0	0.0	26.7	23.2	paternal
10	65332239	65332240	362	22	C	A	C>A	372	371	14	3	17	0.176470588235	31	0	31	26	0	26	64.0	90.0	69.0	0.0	21.8	17.1	paternal
10	113680977	113680978	538	29	T	C	T>C	544	543	27	5	32	0.15625	33	0	33	36	0	36	93.0	90.0	97.0	0.0	32.7	27.0	maternal
11	41966845	41966846	489	25	A	C	T>G	484	483	26	4	30	0.133333333333	43	0	43	38	0	38	38.0	99.0	82.0	0.0	23.9	22.5	maternal
11	47818533	47818534	538	29	C	G	C>G	544	543	33	5	38	0.131578947368	29	0	29	36	0	36	33.0	78.0	88.0	0.0	32.7	27.0	paternal
11	48564738	48564739	387	23	C	G	C>G	389	388	25	3	28	0.107142857143	31	0	31	29	0	29	24.0	90.0	81.0	0.0	47.2	34.0	maternal
11	86967784	86967785	494	25	A	G	T>C	480	481	24	4	28	0.14285714285700002	14	0	14	32	0	32	65.0	39.0	93.0	0.0	21.0	20.5	maternal
11	98934035	98934036	48	3	A	G	T>C	46	43	22	5	27	0.185185185185	40	0	40	29	0	29	99.0	99.0	81.0	0.0	36.9	31.6	maternal
12	60367	60368	348	21	A	G	T>C	356	357	39	8	47	0.170212765957	41	0	41	37	0	37	99.0	99.0	99.0	0.0	26.8	24.8	na
12	72526970	72526971	489	25	A	G	T>C	484	483	22	5	27	0.185185185185	38	0	38	38	0	38	99.0	90.0	99.0	0.0	23.9	22.5	maternal
13	23719202	23719203	81	5	A	G	T>C	93	92	27	4	31	0.12903225806500002	28	0	28	34	0	34	62.0	81.0	99.0	0.0	27.5	26.8	maternal
13	33775272	33775273	461	24	T	C	T>C	442	443	43	8	51	0.156862745098	27	0	27	29	0	29	99.0	81.0	81.0	0.0	32.6	21.0	paternal
13	34442492	34442493	489	25	C	T	C>T	484	483	32	5	37	0.135135135135	39	0	39	28	0	28	51.0	99.0	69.0	0.0	23.9	22.5	maternal
13	84372418	84372419	276	17	A	T	T>A	273	271	24	5	29	0.172413793103	28	0	28	36	0	36	99.0	81.0	99.0	0.0	29.2	23.4	paternal
13	93169985	93169986	454	24	A	T	T>A	442	443	31	4	35	0.114285714286	40	0	40	32	0	32	49.0	99.0	90.0	0.0	38.7	27.1	paternal
13	104392006	104392007	454	24	T	G	T>G	442	443	26	6	32	0.1875	34	0	34	30	0	30	99.0	99.0	74.0	0.0	38.7	27.1	maternal
13	110168108	110168109	360	22	C	T	C>T	367	366	25	4	29	0.137931034483	31	0	31	25	0	25	61.0	81.0	72.0	0.0	26.2	25.0	maternal
13	111384838	111384839	135	8	A	C	T>G	125	130	27	4	31	0.12903225806500002	22	0	22	31	0	31	50.0	60.0	76.0	0.0	26.7	23.2	paternal
14	26268169	26268170	489	25	T	C	T>C	484	483	27	4	31	0.12903225806500002	37	0	37	33	0	33	52.0	99.0	96.0	0.0	23.9	22.5	paternal
14	48726936	48726937	297	19	G	A	C>T	306	307	23	5	28	0.17857142857099995	19	0	19	36	0	36	99.0	57.0	99.0	0.0	31.6	32.5	paternal
14	78584408	78584409	541	29	C	T	C>T	547	546	27	4	31	0.12903225806500002	24	0	24	28	0	28	58.0	71.0	81.0	0.0	27.7	26.9	maternal
14	84507724	84507725	387	23	T	C	T>C	389	388	28	5	33	0.151515151515	37	0	37	28	0	28	55.0	99.0	72.0	0.0	47.2	34.0	maternal
15	32092862	32092863	387	23	C	A	C>A	389	388	28	4	32	0.125	37	0	37	34	0	34	59.0	99.0	96.0	0.0	47.2	34.0	maternal
15	41643793	41643794	541	29	G	T	C>A	547	546	46	7	53	0.132075471698	35	0	35	42	0	42	99.0	99.0	99.0	0.0	27.7	26.9	paternal
15	50522462	50522463	39	2	G	A	C>T	20	21	24	5	29	0.172413793103	23	0	23	40	0	40	79.0	57.0	99.0	0.0	34.0	37.1	paternal
15	52318913	52318914	541	29	G	A	C>T	547	546	39	6	45	0.133333333333	40	0	40	31	0	31	61.0	99.0	90.0	0.0	27.7	26.9	paternal
15	52669841	52669842	494	25	A	G	T>C	480	481	19	4	23	0.17391304347800002	30	0	30	32	0	32	47.0	90.0	34.0	0.0	21.0	20.5	maternal
15	62497038	62497039	76	4	G	A	CpG>TpG	67	66	18	3	21	0.14285714285700002	34	0	34	27	0	27	25.0	99.0	81.0	0.0	28.6	25.7	maternal
15	78527324	78527325	584	32	C	A	C>A	576	577	21	3	24	0.125	28	0	28	30	0	30	39.0	84.0	81.0	0.0	22.6	16.4	paternal
16	10932375	10932376	519	28	G	A	C>T	529	528	23	3	26	0.115384615385	38	0	38	37	0	37	42.0	99.0	99.0	0.0	37.3	29.6	maternal
16	32622333	32622334	558	30	G	A	C>T	553	554	37	9	46	0.195652173913	47	0	47	34	0	34	99.0	99.0	99.0	0.0	37.1	35.9	paternal
16	75007102	75007103	327	20	C	T	C>T	332	331	28	3	31	0.09677419354839999	29	0	29	24	0	24	26.0	84.0	72.0	0.0	24.5	23.1	maternal
17	21337461	21337462	102	6	C	T	C>T	96	97	33	4	37	0.10810810810799999	37	0	37	41	0	41	31.0	99.0	99.0	0.0	23.0	21.6	paternal
17	26033987	26033988	81	5	G	A	C>T	93	92	36	5	41	0.121951219512	31	0	31	30	0	30	26.0	90.0	81.0	0.0	27.5	26.8	maternal
17	67278629	67278630	584	32	G	A	CpG>TpG	576	577	28	5	33	0.151515151515	37	0	37	36	0	36	99.0	99.0	99.0	0.0	22.6	16.4	maternal
17	74941766	74941767	558	30	G	C	C>G	553	554	38	5	43	0.116279069767	32	0	32	21	0	21	48.0	55.0	60.0	0.0	37.1	35.9	paternal
18	29489404	29489405	2	1	A	G	T>C	10	9	28	6	34	0.176470588235	36	0	36	19	0	19	99.0	99.0	45.0	0.0	25.4	19.8	paternal
18	54310094	54310095	107	6	C	T	C>T	94	95	40	6	46	0.130434782609	38	0	38	21	0	21	61.0	81.0	63.0	0.0	21.1	20.6	maternal
19	840717	840718	349	21	C	T	CpG>TpG	345	346	28	4	32	0.125	24	0	24	30	0	30	42.0	69.0	84.0	0.0	35.2	31.6	paternal
19	14819105	14819106	489	25	C	T	C>T	484	483	37	9	46	0.195652173913	37	0	37	31	0	31	99.0	99.0	90.0	0.0	23.9	22.5	maternal
19	21206837	21206838	387	23	C	A	C>A	389	388	37	6	43	0.13953488372099998	33	0	33	25	0	25	74.0	99.0	69.0	0.0	47.2	34.0	paternal
19	22985704	22985705	494	25	G	A	C>T	480	481	28	4	32	0.125	25	0	25	32	0	32	52.0	72.0	90.0	0.0	21.0	20.5	maternal
19	56078978	56078979	462	24	C	T	C>T	457	456	26	5	31	0.16129032258099998	34	0	34	34	0	34	72.0	99.0	90.0	0.0	27.5	23.4	maternal
2	6751104	6751105	348	21	G	A	CpG>TpG	356	357	15	2	17	0.117647058824	37	0	37	29	0	29	29.0	99.0	84.0	0.0	26.8	24.8	paternal
2	13392189	13392190	558	30	T	C	T>C	553	554	25	3	28	0.107142857143	29	0	29	25	0	25	33.0	72.0	72.0	0.0	37.1	35.9	paternal
2	73385729	73385730	28	2	G	T	C>A	20	21	28	4	32	0.125	26	0	26	29	0	29	50.0	63.0	81.0	0.0	29.3	32.4	maternal
2	117736752	117736753	530	28	T	C	T>C	531	532	20	3	23	0.130434782609	31	0	31	26	0	26	44.0	87.0	72.0	0.0	31.7	35.0	maternal
2	120701762	120701763	107	6	C	T	C>T	94	95	44	5	49	0.102040816327	35	0	35	28	0	28	34.0	99.0	84.0	0.0	21.1	20.6	maternal
2	123683053	123683054	28	2	C	T	C>T	20	21	35	5	40	0.125	31	0	31	39	0	39	78.0	93.0	97.0	0.0	29.3	32.4	maternal
2	127193728	127193729	584	32	G	A	C>T	576	577	22	3	25	0.12	24	0	24	35	0	35	37.0	66.0	99.0	0.0	22.6	16.4	paternal
2	134141576	134141577	494	25	T	A	T>A	480	481	38	5	43	0.116279069767	26	0	26	31	0	31	52.0	75.0	90.0	0.0	21.0	20.5	paternal
2	149869204	149869205	217	13	G	A	C>T	218	219	30	6	36	0.166666666667	32	0	32	35	0	35	99.0	90.0	99.0	0.0	27.4	28.8	paternal
2	201561159	201561160	432	24	G	A	CpG>TpG	438	439	30	6	36	0.166666666667	36	0	36	21	0	21	99.0	99.0	60.0	0.0	27.5	26.1	maternal
2	207775603	207775604	380	23	G	A	CpG>TpG	392	391	25	3	28	0.107142857143	30	0	30	34	0	34	74.0	50.0	99.0	0.0	29.9	21.3	maternal
2	232345992	232345993	107	6	A	G	T>C	94	95	36	7	43	0.162790697674	38	0	38	34	0	34	99.0	99.0	93.0	0.0	21.1	20.6	maternal
20	11264087	11264088	231	14	T	C	T>C	233	232	24	5	29	0.172413793103	31	0	31	36	0	36	99.0	71.0	99.0	0.0	33.9	30.7	maternal
21	19517068	19517069	494	25	T	A	T>A	480	481	30	6	36	0.166666666667	18	0	18	34	0	34	99.0	54.0	99.0	0.0	21.0	20.5	maternal
21	29350012	29350013	360	22	G	A	C>T	367	366	30	6	36	0.166666666667	23	0	23	33	0	33	99.0	63.0	59.0	0.0	26.2	25.0	paternal
22	26053040	26053041	288	18	G	A	C>T	289	290	23	4	27	0.148148148148	33	0	33	32	0	32	66.0	99.0	75.0	0.0	34.5	34.8	maternal
3	33970939	33970940	454	24	C	A	C>A	442	443	36	5	41	0.121951219512	28	0	28	27	0	27	64.0	81.0	69.0	0.0	38.7	27.1	paternal
3	44933532	44933533	461	24	A	C	T>G	442	443	25	4	29	0.137931034483	35	0	35	27	0	27	49.0	90.0	78.0	0.0	32.6	21.0	maternal
3	52255529	52255530	259	16	C	T	C>T	260	262	35	7	42	0.166666666667	31	0	31	35	0	35	75.0	91.0	99.0	0.0	24.1	23.7	paternal
3	56565924	56565925	455	24	A	G	T>C	457	456	34	5	39	0.128205128205	34	0	34	31	0	31	78.0	99.0	90.0	0.0	23.8	19.7	paternal
3	79030596	79030597	569	31	T	C	T>C	562	563	29	5	34	0.14705882352900002	22	0	22	21	0	21	83.0	60.0	54.0	0.0	33.1	32.0	maternal
3	85811021	85811022	102	6	C	A	C>A	96	97	31	4	35	0.114285714286	35	0	35	35	0	35	44.0	90.0	99.0	0.0	23.0	21.6	paternal
3	99838903	99838904	578	32	T	A	T>A	587	586	28	5	33	0.151515151515	35	0	35	33	0	33	44.0	99.0	93.0	0.0	34.8	19.5	paternal
3	103500571	103500572	454	24	G	C	C>G	442	443	31	7	38	0.184210526316	33	0	33	26	0	26	99.0	93.0	75.0	0.0	38.7	27.1	maternal
3	104148159	104148160	519	28	A	T	T>A	529	528	28	6	34	0.176470588235	24	0	24	39	0	39	99.0	72.0	99.0	0.0	37.3	29.6	na
3	121250901	121250902	230	14	T	C	T>C	234	235	23	4	27	0.148148148148	34	0	34	28	0	28	67.0	99.0	78.0	0.0	30.2	27.4	maternal
3	124206887	124206888	102	6	G	A	C>T	96	97	17	3	24	0.125	31	0	31	29	0	29	41.0	78.0	81.0	0.0	23.0	21.6	paternal
3	136173305	136173306	360	22	C	T	CpG>TpG	367	366	23	3	26	0.115384615385	21	0	21	28	0	28	41.0	63.0	84.0	0.0	26.2	25.0	maternal
3	140779924	140779925	387	23	C	T	C>T	389	388	33	7	40	0.175	29	0	29	32	0	32	99.0	81.0	90.0	0.0	47.2	34.0	maternal
3	148974062	148974063	445	24	G	A	C>T	467	468	35	6	41	0.14634146341499998	36	0	36	32	0	32	99.0	99.0	93.0	0.0	34.0	26.2	maternal
3	197790976	197790977	445	24	A	C	T>G	467	468	32	7	39	0.179487179487	32	0	32	35	0	35	99.0	90.0	99.0	0.0	34.0	26.2	na
4	29859178	29859179	2	1	C	T	C>T	10	9	28	6	34	0.176470588235	41	0	41	32	0	32	99.0	99.0	71.0	0.0	25.4	19.8	maternal
4	33890089	33890090	489	25	G	A	CpG>TpG	484	483	39	6	45	0.133333333333	31	0	31	33	0	33	96.0	93.0	96.0	0.0	23.9	22.5	maternal
4	53150508	53150509	342	21	T	A	T>A	345	346	33	4	37	0.10810810810799999	23	0	23	29	0	29	44.0	57.0	81.0	0.0	27.1	23.5	maternal
4	57912978	57912979	276	17	A	T	T>A	273	271	29	4	33	0.121212121212	32	0	32	32	0	32	48.0	90.0	90.0	0.0	29.2	23.4	maternal
4	60477674	60477675	494	25	C	T	CpG>TpG	480	481	34	8	42	0.190476190476	25	0	25	32	0	32	99.0	72.0	87.0	0.0	21.0	20.5	maternal
4	61807514	61807515	86	5	T	A	T>A	88	87	24	4	28	0.14285714285700002	18	0	18	29	0	29	27.0	48.0	81.0	0.0	25.4	20.9	paternal
4	94061509	94061510	362	22	C	T	CpG>TpG	372	371	19	3	22	0.13636363636399998	33	0	33	33	0	33	55.0	99.0	99.0	0.0	21.8	17.1	maternal
4	118531617	118531618	380	23	C	T	C>T	392	391	27	4	31	0.12903225806500002	26	0	26	35	0	35	32.0	75.0	99.0	0.0	29.9	21.3	maternal
4	136533966	136533967	444	24	C	T	C>T	442	443	38	9	47	0.191489361702	31	0	31	32	0	32	99.0	90.0	90.0	0.0	31.2	19.6	maternal
4	137046607	137046608	489	25	C	A	C>A	484	483	23	5	28	0.17857142857099995	30	0	30	26	0	26	99.0	90.0	78.0	0.0	23.9	22.5	paternal
4	148814262	148814263	461	24	G	T	C>A	442	443	33	5	38	0.131578947368	32	0	32	38	0	38	81.0	80.0	99.0	0.0	32.6	21.0	paternal
4	155983456	155983457	76	4	C	T	C>T	67	66	29	5	34	0.14705882352900002	35	0	35	35	0	35	80.0	99.0	99.0	0.0	28.6	25.7	paternal
4	179397305	179397306	2	1	C	T	CpG>TpG	10	9	34	8	42	0.190476190476	32	0	32	21	0	21	99.0	32.0	60.0	0.0	25.4	19.8	paternal
5	27444101	27444102	512	27	C	T	CpG>TpG	515	511	23	3	26	0.115384615385	31	0	31	38	0	38	39.0	76.0	99.0	0.0	23.2	23.0	paternal
5	52665178	52665179	494	25	A	T	T>A	480	481	43	9	52	0.173076923077	26	0	26	34	0	34	99.0	72.0	99.0	0.0	21.0	20.5	paternal
5	54558830	54558831	276	17	T	A	T>A	273	271	25	5	30	0.166666666667	30	0	30	30	0	30	99.0	90.0	90.0	0.0	29.2	23.4	paternal
5	72348795	72348796	558	30	G	A	C>T	553	554	29	7	36	0.19444444444400005	34	0	34	25	0	25	99.0	88.0	72.0	0.0	37.1	35.9	maternal
5	74045336	74045337	494	25	T	C	T>C	480	481	32	7	39	0.179487179487	16	0	16	38	0	38	99.0	48.0	99.0	0.0	21.0	20.5	paternal
5	92004863	92004864	494	25	A	C	T>G	480	481	31	5	36	0.138888888889	26	0	26	30	0	30	69.0	72.0	90.0	0.0	21.0	20.5	paternal
5	92192626	92192627	257	16	A	G	T>C	261	263	32	4	36	0.111111111111	21	0	21	24	0	24	50.0	60.0	69.0	0.0	30.8	22.0	maternal
5	93159488	93159489	558	30	C	T	CpG>TpG	553	554	27	3	30	0.1	35	0	35	21	0	21	31.0	87.0	57.0	0.0	37.1	35.9	paternal
5	101455345	101455346	132	8	C	T	CpG>TpG	134	133	21	5	26	0.192307692308	38	0	38	33	0	33	99.0	99.0	93.0	0.0	26.6	24.5	maternal
5	107090922	107090923	211	13	G	A	CpG>TpG	208	207	35	4	39	0.102564102564	24	0	24	34	0	34	43.0	72.0	99.0	0.0	37.5	33.0	paternal
5	116633241	116633242	362	22	T	G	T>G	372	371	21	3	24	0.125	21	0	21	30	0	30	29.0	60.0	87.0	0.0	21.8	17.1	maternal
5	118359218	118359219	308	19	A	G	T>C	293	294	28	4	32	0.125	32	0	32	28	0	28	43.0	90.0	81.0	0.0	37.5	33.3	paternal
5	128068663	128068664	444	24	G	C	C>G	442	443	33	4	37	0.10810810810799999	34	0	34	28	0	28	48.0	99.0	81.0	0.0	31.2	19.6	paternal
5	134811410	134811411	191	12	T	C	T>C	203	202	21	5	26	0.192307692308	21	0	21	33	0	33	99.0	60.0	90.0	0.0	22.3	19.8	paternal
5	147256406	147256407	230	14	G	A	C>T	234	235	17	3	20	0.15	21	0	21	37	0	37	55.0	60.0	98.0	0.0	30.2	27.4	maternal
5	149223724	149223725	538	29	T	A	T>A	544	543	26	4	30	0.133333333333	40	0	40	39	0	39	23.0	99.0	99.0	0.0	32.7	27.0	maternal
5	150536197	150536198	164	10	G	A	C>T	165	159	21	3	24	0.125	31	0	31	36	0	36	43.0	93.0	99.0	0.0	30.8	28.7	maternal
5	156167732	156167733	135	8	A	G	T>C	125	130	19	4	23	0.17391304347800002	21	0	21	36	0	36	85.0	57.0	82.0	0.0	26.7	23.2	maternal
5	156663881	156663882	81	5	T	C	T>C	93	92	29	5	34	0.14705882352900002	38	0	38	34	0	34	87.0	99.0	93.0	0.0	27.5	26.8	maternal
5	162746772	162746773	49	3	C	T	CpG>TpG	51	50	18	3	21	0.14285714285700002	21	0	21	24	0	24	45.0	43.0	45.0	0.0	25.0	23.2	paternal
6	31654600	31654601	380	23	G	A	C>T	392	391	28	5	33	0.151515151515	33	0	33	37	0	37	91.0	96.0	99.0	0.0	29.9	21.3	paternal
6	33872142	33872143	387	23	G	A	C>T	389	388	29	4	33	0.121212121212	31	0	31	43	0	43	35.0	82.0	96.0	0.0	47.2	34.0	maternal
6	44857320	44857321	454	24	T	A	T>A	442	443	27	6	33	0.181818181818	35	0	35	32	0	32	99.0	99.0	92.0	0.0	38.7	27.1	maternal
6	57396192	57396193	455	24	A	G	T>C	457	456	62	10	72	0.138888888889	51	0	51	58	0	58	99.0	99.0	99.0	0.0	23.8	19.7	paternal
6	75217626	75217627	297	19	A	G	T>C	306	307	32	4	36	0.111111111111	22	0	22	29	0	29	52.0	61.0	81.0	0.0	31.6	32.5	maternal
6	80882805	80882806	387	23	G	T	C>A	389	388	31	5	36	0.138888888889	35	0	35	30	0	30	78.0	99.0	87.0	0.0	47.2	34.0	paternal
6	95232125	95232126	328	20	T	C	T>C	330	329	29	4	33	0.121212121212	38	0	38	32	0	32	46.0	99.0	84.0	0.0	22.8	21.6	paternal
6	102078900	102078901	454	24	C	T	C>T	442	443	29	6	35	0.171428571429	30	0	30	37	0	37	94.0	84.0	99.0	0.0	38.7	27.1	paternal
6	103412389	103412390	276	17	C	T	CpG>TpG	273	271	33	6	39	0.153846153846	28	0	28	39	0	39	92.0	62.0	99.0	0.0	29.2	23.4	maternal
6	107038467	107038468	4	1	T	C	T>C	8	7	28	6	34	0.176470588235	33	0	33	43	0	43	99.0	99.0	99.0	0.0	26.6	21.6	paternal
6	118123473	118123474	445	24	G	T	C>A	467	468	22	5	27	0.185185185185	37	0	37	37	0	37	99.0	99.0	99.0	0.0	34.0	26.2	paternal
6	130649664	130649665	107	6	T	A	T>A	94	95	31	6	37	0.162162162162	34	0	34	27	0	27	93.0	99.0	81.0	0.0	21.1	20.6	paternal
6	145921845	145921846	2	1	C	T	C>T	10	9	29	5	34	0.14705882352900002	24	0	24	27	0	27	60.0	72.0	81.0	0.0	25.4	19.8	maternal
6	149732294	149732295	230	14	A	G	T>C	234	235	28	5	33	0.151515151515	39	0	39	27	0	27	81.0	99.0	78.0	0.0	30.2	27.4	maternal
6	162285917	162285918	81	5	C	T	C>T	93	92	33	8	41	0.19512195122	35	0	35	38	0	38	99.0	99.0	99.0	0.0	27.5	26.8	maternal
6	165543880	165543881	444	24	G	A	CpG>TpG	442	443	40	6	46	0.130434782609	35	0	35	28	0	28	88.0	99.0	82.0	0.0	31.2	19.6	paternal
7	2016802	2016803	164	10	C	T	CpG>TpG	165	159	26	5	31	0.16129032258099998	34	0	34	38	0	38	64.0	90.0	99.0	0.0	30.8	28.7	paternal
7	8801703	8801704	40	2	C	T	C>T	16	15	28	3	31	0.09677419354839999	23	0	23	31	0	31	26.0	60.0	84.0	0.0	27.6	29.3	paternal
7	21798930	21798931	295	19	A	T	T>A	293	294	27	4	31	0.12903225806500002	22	0	22	43	0	43	66.0	62.0	99.0	0.0	29.2	25.0	maternal
7	23651182	23651183	276	17	C	T	CpG>TpG	273	271	26	3	29	0.103448275862	34	0	34	39	0	39	31.0	99.0	99.0	0.0	29.2	23.4	maternal
7	25489775	25489776	56	3	C	G	C>G	51	50	25	4	29	0.137931034483	25	0	25	27	0	27	55.0	72.0	81.0	0.0	33.2	31.4	paternal
7	49802614	49802615	40	2	A	G	T>C	16	15	41	6	47	0.127659574468	15	0	15	32	0	32	86.0	45.0	90.0	0.0	27.6	29.3	maternal
7	50529279	50529280	276	17	G	A	CpG>TpG	273	271	34	4	38	0.105263157895	34	0	34	37	0	37	46.0	99.0	99.0	0.0	29.2	23.4	paternal
7	86839743	86839744	432	24	G	T	C>A	438	439	30	5	35	0.14285714285700002	26	0	26	23	0	23	83.0	75.0	63.0	0.0	27.5	26.1	paternal
7	128095653	128095654	135	8	T	A	T>A	125	130	31	4	35	0.114285714286	26	0	26	41	0	41	49.0	69.0	99.0	0.0	26.7	23.2	paternal
7	130373988	130373989	530	28	G	A	C>T	531	532	28	6	34	0.176470588235	21	0	21	34	0	34	99.0	60.0	99.0	0.0	31.7	35.0	maternal
7	146245457	146245458	86	5	G	A	CpG>TpG	88	87	23	4	27	0.148148148148	17	0	17	21	0	21	73.0	48.0	60.0	0.0	25.4	20.9	maternal
7	155342402	155342403	380	23	C	T	CpG>TpG	392	391	28	5	33	0.151515151515	38	0	38	37	0	37	89.0	99.0	99.0	0.0	29.9	21.3	maternal
8	2891813	2891814	56	3	C	A	C>A	51	50	23	4	27	0.148148148148	35	0	35	37	0	37	71.0	99.0	99.0	0.0	33.2	31.4	paternal
8	7136067	7136068	512	27	T	A	T>A	515	511	13	3	16	0.1875	29	0	29	31	0	31	42.0	84.0	91.0	0.0	23.2	23.0	maternal
8	8982772	8982773	145	9	C	T	C>T	141	140	28	6	34	0.176470588235	26	0	26	25	0	25	97.0	75.0	72.0	0.0	21.3	19.1	maternal
8	11112862	11112863	340	21	A	G	T>C	343	344	21	5	26	0.192307692308	26	0	26	38	0	38	99.0	65.0	99.0	0.0	34.0	33.7	maternal
8	11340890	11340891	28	2	A	G	T>C	20	21	31	6	37	0.162162162162	31	0	31	29	0	29	72.0	90.0	84.0	0.0	29.3	32.4	paternal
8	40751427	40751428	102	6	A	T	T>A	96	97	31	7	38	0.184210526316	37	0	37	35	0	35	99.0	99.0	96.0	0.0	23.0	21.6	maternal
8	76916473	76916474	569	31	C	T	C>T	562	563	26	4	30	0.133333333333	30	0	30	20	0	20	61.0	81.0	57.0	0.0	33.1	32.0	na
8	87932214	87932215	28	2	T	A	T>A	20	21	25	4	29	0.137931034483	20	0	20	34	0	34	65.0	60.0	99.0	0.0	29.3	32.4	na
8	99257826	99257827	217	13	G	T	C>A	218	219	31	7	38	0.184210526316	32	0	32	35	0	35	85.0	90.0	99.0	0.0	27.4	28.8	paternal
8	109183490	109183491	461	24	A	G	T>C	442	443	29	6	35	0.171428571429	34	0	34	32	0	32	92.0	99.0	90.0	0.0	32.6	21.0	paternal
8	117964701	117964702	519	28	G	A	CpG>TpG	529	528	29	6	35	0.171428571429	37	0	37	33	0	33	95.0	90.0	81.0	0.0	37.3	29.6	paternal
8	134781103	134781104	362	22	T	G	T>G	372	371	32	4	36	0.111111111111	31	0	31	35	0	35	33.0	93.0	99.0	0.0	21.8	17.1	paternal
8	143745883	143745884	558	30	C	T	CpG>TpG	553	554	29	4	33	0.121212121212	27	0	27	35	0	35	20.0	72.0	99.0	0.0	37.1	35.9	maternal
8	145506736	145506737	81	5	G	C	C>G	93	92	26	3	29	0.103448275862	35	0	35	39	0	39	28.0	99.0	99.0	0.0	27.5	26.8	paternal
9	16782628	16782629	444	24	C	T	C>T	442	443	28	4	32	0.125	19	0	19	27	0	27	58.0	57.0	81.0	0.0	31.2	19.6	paternal
9	34605725	34605726	86	5	G	T	C>A	88	87	22	5	27	0.185185185185	21	0	21	30	0	30	99.0	60.0	87.0	0.0	25.4	20.9	paternal
9	41904156	41904157	86	5	G	A	C>T	88	87	38	5	43	0.116279069767	23	0	23	44	0	44	27.0	31.0	99.0	0.0	25.4	20.9	na
9	82057316	82057317	102	6	C	A	C>A	96	97	36	7	43	0.162790697674	37	0	37	36	0	36	99.0	99.0	99.0	0.0	23.0	21.6	maternal
9	82691999	82692000	489	25	T	C	T>C	484	483	35	5	40	0.125	35	0	35	20	0	20	48.0	99.0	57.0	0.0	23.9	22.5	maternal
9	122523916	122523917	328	20	G	T	C>A	330	329	31	5	36	0.138888888889	33	0	33	28	0	28	44.0	99.0	84.0	0.0	22.8	21.6	maternal
9	126472179	126472180	489	25	G	A	CpG>TpG	484	483	36	6	42	0.14285714285700002	33	0	33	36	0	36	76.0	99.0	99.0	0.0	23.9	22.5	maternal
