chrom	start	end	new_sample_id	new_family_id	ref	alt	mut	new_paternal_id	new_maternal_id	kid_ref_depth	kid_alt_depth	kid_total_depth	kid_allele_balance	mom_ref_depth	mom_alt_depth	mom_total_depth	dad_ref_depth	dad_alt_depth	dad_total_depth	kid_qual	mom_qual	dad_qual	paternal_age_at_birth	maternal_age_at_birth	phase
1	2860835	2860836	591	33	G	A	CpG>TpG	594	598	24	19	43	0.4418604651162791	36	0	36	37	0	37	99.0	99.0	99.0	29.9	27.4	maternal
1	2860835	2860836	595	33	G	A	CpG>TpG	594	598	22	24	46	0.5217391304347826	36	0	36	37	0	37	99.0	99.0	99.0	40.7	38.2	maternal
1	2860835	2860836	600	33	G	A	CpG>TpG	594	598	20	14	34	0.4117647058823529	36	0	36	37	0	37	99.0	99.0	99.0	21.4	18.9	maternal
1	16319731	16319732	83	5	C	T	CpG>TpG	86	81	26	16	42	0.3809523809523809	34	0	34	38	0	38	99.0	90.0	96.0	33.7	32.00000000000001	maternal
1	16319731	16319732	91	5	C	T	CpG>TpG	86	81	12	14	26	0.5384615384615384	34	0	34	38	0	38	99.0	90.0	96.0	22.39999999999999	20.700000000000006	maternal
1	27473936	27473937	103	6	G	A	CpG>TpG	102	107	10	10	20	0.5	38	0	38	36	0	36	99.0	99.0	99.0	25.7	28.50000000000001	na
1	27473936	27473937	105	6	G	A	CpG>TpG	102	107	16	12	28	0.42857142857142855	38	0	38	36	0	36	99.0	99.0	99.0	37.39999999999999	40.2	na
1	33270215	33270216	3	1	C	T	CpG>TpG	2	4	11	12	23	0.5217391304347826	37	0	37	36	0	36	99.0	99.0	99.0	43.99999999999999	36.8	paternal
1	33270215	33270216	6	1	C	T	CpG>TpG	2	4	10	7	17	0.4117647058823529	37	0	37	36	0	36	99.0	99.0	99.0	32.5	25.300000000000008	paternal
1	51879577	51879578	321	20	G	A	CpG>TpG	328	327	17	15	32	0.46875	34	0	34	37	0	37	99.0	99.0	99.0	36.00000000000001	35.9	maternal
1	51879577	51879578	326	20	G	A	CpG>TpG	328	327	28	19	47	0.40425531914893614	34	0	34	37	0	37	99.0	99.0	99.0	30.300000000000004	30.2	maternal
1	78000506	78000507	591	33	G	A	CpG>TpG	594	598	18	16	34	0.4705882352941176	35	0	35	28	0	28	99.0	99.0	81.0	29.9	27.4	paternal
1	78000506	78000507	602	33	G	A	CpG>TpG	594	598	12	13	25	0.52	35	0	35	28	0	28	99.0	99.0	81.0	23.8	21.3	paternal
1	86573094	86573095	319	20	C	T	CpG>TpG	328	327	11	22	33	0.6666666666666666	29	0	29	36	0	36	99.0	87.0	99.0	34.300000000000004	34.2	maternal
1	86573094	86573095	324	20	C	T	CpG>TpG	328	327	12	9	21	0.42857142857142855	29	0	29	36	0	36	99.0	87.0	99.0	22.50000000000001	22.4	maternal
1	102272761	102272762	421	24_D	A	G	T>C	426	428	17	20	37	0.5405405405405406	33	0	33	29	0	29	99.0	90.0	49.0	23.3	22.3	paternal
1	102272761	102272762	422	24_D	A	G	T>C	426	428	9	16	25	0.64	33	0	33	29	0	29	99.0	90.0	49.0	24.2	23.2	paternal
1	102272761	102272762	474	24_D	A	G	T>C	426	428	19	14	33	0.42424242424242425	33	0	33	29	0	29	99.0	90.0	49.0	31.599999999999994	30.599999999999994	paternal
1	110390258	110390259	301	19_A	C	T	CpG>TpG	295	297	19	22	41	0.5365853658536586	30	0	30	35	0	35	99.0	90.0	99.0	29.20000000000001	27.0	maternal
1	110390258	110390259	304	19_A	C	T	CpG>TpG	295	297	13	19	32	0.59375	30	0	30	35	0	35	99.0	90.0	99.0	30.20000000000001	28.0	maternal
1	116075459	116075460	197	12	G	A	CpG>TpG	191	195	13	13	26	0.5	35	0	35	29	0	29	99.0	99.0	87.0	28.1	24.4	paternal
1	116075459	116075460	201	12	G	A	CpG>TpG	191	195	17	25	42	0.5952380952380952	35	0	35	29	0	29	99.0	99.0	87.0	27.0	23.3	paternal
1	160736341	160736342	267	17	G	T	C>A	275	276	20	15	35	0.42857142857142855	24	0	24	29	0	29	99.0	72.0	81.0	36.4	33.6	paternal
1	160736341	160736342	277	17	G	T	C>A	275	276	12	9	21	0.42857142857142855	24	0	24	29	0	29	99.0	72.0	81.0	40.5	37.7	paternal
1	183870418	183870419	564	31	C	T	C>T	569	570	8	10	18	0.5555555555555556	34	0	34	25	0	25	99.0	99.0	63.0	19.500000000000007	18.000000000000007	maternal
1	183870418	183870419	566	31	C	T	C>T	569	570	10	17	27	0.6296296296296297	34	0	34	25	0	25	99.0	99.0	63.0	25.300000000000004	23.800000000000004	maternal
1	190826800	190826801	55	3_B	G	A	C>T	56	57	20	23	43	0.5348837209302325	34	0	34	22	0	22	99.0	99.0	60.0	32.300000000000004	31.4	maternal
1	190826800	190826801	61	3_B	G	A	C>T	56	57	13	13	26	0.5	34	0	34	22	0	22	99.0	99.0	60.0	24.90000000000001	24.0	maternal
1	215420412	215420413	128	8	A	T	T>A	135	132	13	12	25	0.48	39	0	39	27	0	27	99.0	99.0	48.0	36.6	36.89999999999999	paternal
1	215420412	215420413	129	8	A	T	T>A	135	132	23	22	45	0.4888888888888889	39	0	39	27	0	27	99.0	99.0	48.0	19.8	20.099999999999994	paternal
1	220938481	220938482	319	20	G	A	CpG>TpG	328	327	10	10	20	0.5	39	0	39	34	0	34	99.0	99.0	99.0	34.300000000000004	34.2	na
1	220938481	220938482	320	20	G	A	CpG>TpG	328	327	11	15	26	0.5769230769230769	39	0	39	34	0	34	99.0	99.0	99.0	27.00000000000001	26.9	na
1	223339036	223339037	34	2_A	C	T	C>T	39	40	26	16	42	0.3809523809523809	34	0	34	34	0	34	99.0	99.0	99.0	28.60000000000001	28.40000000000001	maternal
1	223339036	223339037	35	2_A	C	T	C>T	39	40	11	11	22	0.5	34	0	34	34	0	34	99.0	99.0	99.0	32.50000000000001	32.300000000000004	maternal
1	223339036	223339037	38	2_A	C	T	C>T	39	40	17	12	29	0.4137931034482759	34	0	34	34	0	34	99.0	99.0	99.0	37.40000000000001	37.2	maternal
1	224608779	224608780	363	22	C	T	C>T	362	360	12	18	30	0.6	29	0	29	27	0	27	99.0	87.0	68.0	22.8	21.60000000000001	na
1	224608779	224608780	368	22	C	T	C>T	362	360	16	14	30	0.4666666666666667	29	0	29	27	0	27	99.0	87.0	68.0	30.3	29.10000000000001	na
1	235501980	235501981	73	4	G	A	C>T	77	76	15	14	29	0.4827586206896552	34	0	34	33	0	33	99.0	81.0	99.0	37.0	37.1	na
1	235501980	235501981	74	4	G	A	C>T	77	76	15	28	43	0.6511627906976745	34	0	34	33	0	33	99.0	81.0	99.0	23.0	23.099999999999994	na
1	235520145	235520146	582	32	A	G	T>C	584	578	21	18	39	0.4615384615384616	32	0	32	30	0	30	99.0	93.0	50.0	29.00000000000001	20.1	paternal
1	235520145	235520146	583	32	A	G	T>C	584	578	15	20	35	0.5714285714285714	32	0	32	30	0	30	99.0	93.0	50.0	30.90000000000001	22.0	paternal
1	239790949	239790950	205	13	C	G	C>G	211	217	8	16	24	0.6666666666666666	23	0	23	28	0	28	99.0	66.0	72.0	37.8	33.0	paternal
1	239790949	239790950	213	13	C	G	C>G	211	217	9	11	20	0.55	23	0	23	28	0	28	99.0	66.0	72.0	35.9	31.1	paternal
1	241079607	241079608	401	24_A	G	C	C>G	455	454	11	9	20	0.45	36	0	36	33	0	33	99.0	99.0	90.0	37.6	32.4	paternal
1	241079607	241079608	473	24_A	G	C	C>G	455	454	10	12	22	0.5454545454545454	36	0	36	33	0	33	99.0	99.0	90.0	34.2	29.0	paternal
10	26224262	26224263	446	24_C	T	A	T>A	444	445	12	8	20	0.4	28	0	28	31	0	31	99.0	81.0	82.0	34.6	29.7	maternal
10	26224262	26224263	464	24_C	T	A	T>A	444	445	22	15	37	0.40540540540540543	28	0	28	31	0	31	99.0	81.0	82.0	30.4	25.5	maternal
10	26224262	26224263	472	24_C	T	A	T>A	444	445	13	7	20	0.35	28	0	28	31	0	31	99.0	81.0	82.0	36.6	31.7	maternal
10	47538924	47538925	469	24_E	A	G	T>C	461	462	15	19	34	0.5588235294117647	36	0	36	37	0	37	99.0	99.0	99.0	34.3	29.70000000000001	maternal
10	47538924	47538925	476	24_E	A	G	T>C	461	462	13	17	30	0.5666666666666667	36	0	36	37	0	37	99.0	99.0	99.0	26.5	21.9	maternal
10	61884735	61884736	254	16	C	T	CpG>TpG	257	259	18	11	29	0.3793103448275862	31	0	31	36	0	36	99.0	90.0	90.0	31.2	34.00000000000001	paternal
10	61884735	61884736	256	16	C	T	CpG>TpG	257	259	23	17	40	0.425	31	0	31	36	0	36	99.0	90.0	90.0	24.099999999999994	26.90000000000001	paternal
10	80520942	80520943	495	26	G	A	C>T	500	499	16	25	41	0.6097560975609756	34	0	34	36	0	36	99.0	99.0	99.0	26.300000000000004	23.00000000000001	maternal
10	80520942	80520943	504	26	G	A	C>T	500	499	15	20	35	0.5714285714285714	34	0	34	36	0	36	99.0	99.0	99.0	28.20000000000001	24.90000000000001	maternal
10	91194058	91194059	296	19_A	C	T	C>T	295	297	16	18	34	0.5294117647058824	34	0	34	22	0	22	99.0	99.0	60.0	27.20000000000001	25.0	paternal
10	91194058	91194059	300	19_A	C	T	C>T	295	297	9	10	19	0.5263157894736842	34	0	34	22	0	22	99.0	99.0	60.0	39.00000000000001	36.8	paternal
10	91194058	91194059	302	19_A	C	T	C>T	295	297	20	20	40	0.5	34	0	34	22	0	22	99.0	99.0	60.0	32.800000000000004	30.6	paternal
10	91194058	91194059	303	19_A	C	T	C>T	295	297	11	14	25	0.56	34	0	34	22	0	22	99.0	99.0	60.0	35.50000000000001	33.300000000000004	paternal
10	100043054	100043055	41	3_A	T	G	T>G	48	49	9	15	24	0.625	41	0	41	31	0	31	99.0	85.0	90.0	35.59999999999999	27.20000000000001	paternal
10	100043054	100043055	52	3_A	T	G	T>G	48	49	21	15	36	0.4166666666666667	41	0	41	31	0	31	99.0	85.0	90.0	30.0	21.60000000000001	paternal
10	107499616	107499617	143	9	A	G	T>C	145	144	13	13	26	0.5	22	0	22	40	0	40	99.0	60.0	99.0	31.2	29.300000000000004	paternal
10	107499616	107499617	149	9	A	G	T>C	145	144	13	13	26	0.5	22	0	22	40	0	40	99.0	60.0	99.0	22.599999999999994	20.700000000000006	paternal
10	111616546	111616547	237	15	G	A	C>T	247	246	32	20	52	0.38461538461538464	33	0	33	39	0	39	99.0	99.0	99.0	30.20000000000001	24.099999999999994	maternal
10	111616546	111616547	243	15	G	A	C>T	247	246	22	26	48	0.5416666666666666	33	0	33	39	0	39	99.0	99.0	99.0	39.6	33.49999999999999	maternal
10	117108252	117108253	595	33	A	G	T>C	594	598	13	16	29	0.5517241379310345	31	0	31	37	0	37	99.0	90.0	99.0	40.7	38.2	paternal
10	117108252	117108253	600	33	A	G	T>C	594	598	16	15	31	0.4838709677419355	31	0	31	37	0	37	99.0	90.0	99.0	21.4	18.9	paternal
10	128315074	128315075	192	12	C	T	CpG>TpG	191	195	18	17	35	0.4857142857142857	37	0	37	33	0	33	99.0	99.0	99.0	42.8	39.1	na
10	128315074	128315075	198	12	C	T	CpG>TpG	191	195	22	25	47	0.5319148936170213	37	0	37	33	0	33	99.0	99.0	99.0	30.1	26.4	na
10	131146559	131146560	350	21_B	G	C	C>G	348	349	16	20	36	0.5555555555555556	30	0	30	34	0	34	99.0	90.0	99.0	19.200000000000006	18.200000000000006	maternal
10	131146559	131146560	351	21_B	G	C	C>G	348	349	17	9	26	0.3461538461538461	30	0	30	34	0	34	99.0	90.0	99.0	20.300000000000004	19.300000000000004	maternal
10	134480448	134480449	33	2_A	G	T	C>A	39	40	15	18	33	0.5454545454545454	30	0	30	31	0	31	99.0	90.0	93.0	25.90000000000001	25.70000000000001	maternal
10	134480448	134480449	37	2_A	G	T	C>A	39	40	16	16	32	0.5	30	0	30	31	0	31	99.0	90.0	93.0	30.60000000000001	30.40000000000001	maternal
11	19769425	19769426	469	24_E	G	A	CpG>TpG	461	462	13	21	34	0.6176470588235294	40	0	40	37	0	37	99.0	99.0	99.0	34.3	29.70000000000001	maternal
11	19769425	19769426	477	24_E	G	A	CpG>TpG	461	462	18	18	36	0.5	40	0	40	37	0	37	99.0	99.0	99.0	27.89999999999999	23.3	maternal
11	50032079	50032080	168	11	A	C	T>G	186	182	12	17	29	0.5862068965517241	31	0	31	36	0	36	99.0	90.0	99.0	48.9	44.9	na
11	50032079	50032080	176	11	A	C	T>G	186	182	16	19	35	0.5428571428571428	31	0	31	36	0	36	99.0	90.0	99.0	35.2	31.20000000000001	na
11	59970642	59970643	536	29	A	G	T>C	541	538	19	20	39	0.5128205128205128	29	0	29	33	0	33	99.0	82.0	99.0	32.599999999999994	31.40000000000001	maternal
11	59970642	59970643	537	29	A	G	T>C	541	538	15	9	24	0.375	29	0	29	33	0	33	99.0	82.0	99.0	22.39999999999999	21.200000000000006	maternal
11	64684159	64684160	425	24_B	G	A	CpG>TpG	431	432	22	17	39	0.4358974358974359	27	0	27	40	0	40	99.0	62.0	99.0	25.0	21.90000000000001	maternal
11	64684159	64684160	430	24_B	G	A	CpG>TpG	431	432	15	14	29	0.4827586206896552	27	0	27	40	0	40	99.0	62.0	99.0	28.599999999999994	25.5	maternal
11	64867339	64867340	225	14	C	T	CpG>TpG	231	230	16	24	40	0.6	36	0	36	26	0	26	99.0	99.0	72.0	29.8	28.5	paternal
11	64867339	64867340	228	14	C	T	CpG>TpG	231	230	20	18	38	0.4736842105263158	36	0	36	26	0	26	99.0	99.0	72.0	25.099999999999994	23.8	paternal
11	76765670	76765671	486	25	C	T	CpG>TpG	489	494	17	11	28	0.3928571428571429	46	0	46	38	0	38	99.0	78.0	72.0	27.3	25.89999999999999	paternal
11	76765670	76765671	487	25	C	T	CpG>TpG	489	494	15	14	29	0.4827586206896552	46	0	46	38	0	38	99.0	78.0	72.0	23.0	21.599999999999994	paternal
11	80824402	80824403	396	24_B	A	G	T>C	431	432	15	11	26	0.4230769230769231	36	0	36	32	0	32	99.0	73.0	84.0	32.8	29.70000000000001	maternal
11	80824402	80824403	429	24_B	A	G	T>C	431	432	20	16	36	0.4444444444444444	36	0	36	32	0	32	99.0	73.0	84.0	26.599999999999994	23.5	maternal
11	81079381	81079382	190	12	G	A	CpG>TpG	191	195	16	17	33	0.5151515151515151	30	0	30	31	0	31	99.0	81.0	90.0	44.6	40.9	maternal
11	81079381	81079382	192	12	G	A	CpG>TpG	191	195	19	21	40	0.525	30	0	30	31	0	31	99.0	81.0	90.0	42.8	39.1	maternal
11	81079381	81079382	198	12	G	A	CpG>TpG	191	195	19	12	31	0.3870967741935484	30	0	30	31	0	31	99.0	81.0	90.0	30.1	26.4	maternal
11	81079381	81079382	199	12	G	A	CpG>TpG	191	195	20	18	38	0.4736842105263158	30	0	30	31	0	31	99.0	81.0	90.0	25.90000000000001	22.20000000000001	maternal
11	117847866	117847867	242	15	G	A	CpG>TpG	247	246	18	24	42	0.5714285714285714	40	0	40	38	0	38	99.0	80.0	99.0	41.8	35.7	maternal
11	117847866	117847867	248	15	G	A	CpG>TpG	247	246	21	17	38	0.4473684210526316	40	0	40	38	0	38	99.0	80.0	99.0	33.5	27.39999999999999	maternal
12	16764471	16764472	225	14	T	A	T>A	231	230	13	7	20	0.35	21	0	21	38	0	38	99.0	60.0	99.0	29.8	28.5	maternal
12	16764471	16764472	229	14	T	A	T>A	231	230	29	23	52	0.4423076923076923	21	0	21	38	0	38	99.0	60.0	99.0	36.8	35.5	maternal
12	22931858	22931859	539	29	C	A	C>A	541	538	14	11	25	0.44	28	0	28	33	0	33	99.0	81.0	99.0	34.49999999999999	33.300000000000004	paternal
12	22931858	22931859	540	29	C	A	C>A	541	538	16	17	33	0.5151515151515151	28	0	28	33	0	33	99.0	81.0	99.0	35.89999999999999	34.7	paternal
12	41080662	41080663	319	20	G	A	CpG>TpG	328	327	16	19	35	0.5428571428571428	31	0	31	30	0	30	99.0	93.0	78.0	34.300000000000004	34.2	maternal
12	41080662	41080663	322	20	G	A	CpG>TpG	328	327	18	16	34	0.4705882352941176	31	0	31	30	0	30	99.0	93.0	78.0	20.10000000000001	20.0	maternal
12	44622387	44622388	68	4	C	T	C>T	77	76	10	18	28	0.6428571428571429	30	0	30	37	0	37	99.0	72.0	72.0	19.5	19.599999999999994	paternal
12	44622387	44622388	71	4	C	T	C>T	77	76	18	14	32	0.4375	30	0	30	37	0	37	99.0	72.0	72.0	29.800000000000004	29.9	paternal
12	44622387	44622388	75	4	C	T	C>T	77	76	12	13	25	0.52	30	0	30	37	0	37	99.0	72.0	72.0	20.6	20.7	paternal
12	51102456	51102457	173	11	C	T	C>T	186	182	22	11	33	0.3333333333333333	35	0	35	35	0	35	99.0	99.0	99.0	30.6	26.6	paternal
12	51102456	51102457	185	11	C	T	C>T	186	182	8	14	22	0.6363636363636364	35	0	35	35	0	35	99.0	99.0	99.0	24.5	20.5	paternal
12	55958851	55958852	266	17	G	A	CpG>TpG	275	276	19	9	28	0.32142857142857145	38	0	38	38	0	38	99.0	99.0	99.0	31.1	28.300000000000004	paternal
12	55958851	55958852	277	17	G	A	CpG>TpG	275	276	16	12	28	0.42857142857142855	38	0	38	38	0	38	99.0	99.0	99.0	40.5	37.7	paternal
12	66312993	66312994	206	13	G	A	CpG>TpG	211	217	19	22	41	0.5365853658536586	39	0	39	30	0	30	99.0	98.0	70.0	40.1	35.3	paternal
12	66312993	66312994	209	13	G	A	CpG>TpG	211	217	15	17	32	0.53125	39	0	39	30	0	30	99.0	98.0	70.0	30.4	25.6	paternal
12	70267231	70267232	446	24_C	C	T	C>T	444	445	11	14	25	0.56	27	0	27	39	0	39	99.0	70.0	99.0	34.6	29.7	paternal
12	70267231	70267232	472	24_C	C	T	C>T	444	445	10	10	20	0.5	27	0	27	39	0	39	99.0	70.0	99.0	36.6	31.7	paternal
12	76986207	76986208	34	2_A	C	A	C>A	39	40	16	15	31	0.4838709677419355	34	0	34	31	0	31	99.0	93.0	90.0	28.60000000000001	28.40000000000001	maternal
12	76986207	76986208	35	2_A	C	A	C>A	39	40	18	13	31	0.41935483870967744	34	0	34	31	0	31	99.0	93.0	90.0	32.50000000000001	32.300000000000004	maternal
12	76986207	76986208	38	2_A	C	A	C>A	39	40	11	13	24	0.5416666666666666	34	0	34	31	0	31	99.0	93.0	90.0	37.40000000000001	37.2	maternal
12	85265125	85265126	34	2_A	G	A	C>T	39	40	11	14	25	0.56	29	0	29	28	0	28	99.0	84.0	84.0	28.60000000000001	28.40000000000001	na
12	85265125	85265126	38	2_A	G	A	C>T	39	40	8	7	15	0.4666666666666667	29	0	29	28	0	28	99.0	84.0	84.0	37.40000000000001	37.2	na
12	88030706	88030707	138	9	T	C	T>C	145	144	15	16	31	0.5161290322580645	28	0	28	30	0	30	99.0	72.0	82.0	23.8	21.90000000000001	maternal
12	88030706	88030707	142	9	T	C	T>C	145	144	17	16	33	0.4848484848484849	28	0	28	30	0	30	99.0	72.0	82.0	35.4	33.50000000000001	maternal
12	98392447	98392448	495	26	C	T	C>T	500	499	10	20	30	0.6666666666666666	29	0	29	21	0	21	99.0	50.0	63.0	26.300000000000004	23.00000000000001	paternal
12	98392447	98392448	504	26	C	T	C>T	500	499	11	25	36	0.6944444444444444	29	0	29	21	0	21	99.0	50.0	63.0	28.20000000000001	24.90000000000001	paternal
12	105853398	105853399	11	1	C	A	C>A	2	4	19	18	37	0.4864864864864865	36	0	36	35	0	35	99.0	99.0	72.0	36.1	28.90000000000001	paternal
12	105853398	105853399	14	1	C	A	C>A	2	4	18	22	40	0.55	36	0	36	35	0	35	99.0	99.0	72.0	31.199999999999992	24.0	paternal
12	109920293	109920294	539	29	C	T	CpG>TpG	541	538	12	8	20	0.4	34	0	34	38	0	38	99.0	99.0	99.0	34.49999999999999	33.300000000000004	maternal
12	109920293	109920294	540	29	C	T	CpG>TpG	541	538	17	23	40	0.575	34	0	34	38	0	38	99.0	99.0	99.0	35.89999999999999	34.7	maternal
12	112374085	112374086	469	24_E	C	T	C>T	461	462	22	20	42	0.4761904761904762	36	0	36	30	0	30	99.0	99.0	90.0	34.3	29.70000000000001	na
12	112374085	112374086	476	24_E	C	T	C>T	461	462	14	13	27	0.4814814814814815	36	0	36	30	0	30	99.0	99.0	90.0	26.5	21.9	na
13	23450142	23450143	479	25	C	T	C>T	489	494	12	12	24	0.5	28	0	28	45	0	45	99.0	78.0	99.0	43.3	41.89999999999999	maternal
13	23450142	23450143	492	25	C	T	C>T	489	494	22	11	33	0.3333333333333333	28	0	28	45	0	45	99.0	78.0	99.0	33.8	32.39999999999999	maternal
13	23953676	23953677	103	6	C	T	CpG>TpG	102	107	13	13	26	0.5	39	0	39	38	0	38	99.0	99.0	99.0	25.7	28.50000000000001	paternal
13	23953676	23953677	104	6	C	T	CpG>TpG	102	107	22	19	41	0.4634146341463415	39	0	39	38	0	38	99.0	99.0	99.0	30.5	33.300000000000004	paternal
13	23953676	23953677	106	6	C	T	CpG>TpG	102	107	17	12	29	0.4137931034482759	39	0	39	38	0	38	99.0	99.0	99.0	24.0	26.800000000000004	paternal
13	41823525	41823526	98	6	A	C	T>G	102	107	16	9	25	0.36	36	0	36	38	0	38	99.0	99.0	65.0	32.099999999999994	34.90000000000001	paternal
13	41823525	41823526	101	6	A	C	T>G	102	107	15	19	34	0.5588235294117647	36	0	36	38	0	38	99.0	99.0	65.0	27.39999999999999	30.20000000000001	paternal
13	81315827	81315828	421	24_D	G	T	C>A	426	428	16	20	36	0.5555555555555556	27	0	27	31	0	31	99.0	48.0	90.0	23.3	22.3	paternal
13	81315827	81315828	474	24_D	G	T	C>A	426	428	14	12	26	0.4615384615384616	27	0	27	31	0	31	99.0	48.0	90.0	31.599999999999994	30.599999999999994	paternal
13	84539030	84539031	536	29	C	A	C>A	541	538	6	11	17	0.6470588235294118	21	0	21	29	0	29	99.0	57.0	49.0	32.599999999999994	31.40000000000001	paternal
13	84539030	84539031	542	29	C	A	C>A	541	538	17	11	28	0.3928571428571429	21	0	21	29	0	29	99.0	57.0	49.0	28.89999999999999	27.70000000000001	paternal
13	84539030	84539031	545	29	C	A	C>A	541	538	15	15	30	0.5	21	0	21	29	0	29	99.0	57.0	49.0	21.2	20.000000000000007	paternal
13	84539030	84539031	548	29	C	A	C>A	541	538	12	15	27	0.5555555555555556	21	0	21	29	0	29	99.0	57.0	49.0	26.099999999999994	24.90000000000001	paternal
13	85653198	85653199	564	31	A	G	T>C	569	570	13	9	22	0.4090909090909091	33	0	33	32	0	32	99.0	59.0	75.0	19.500000000000007	18.000000000000007	maternal
13	85653198	85653199	565	31	A	G	T>C	569	570	18	20	38	0.5263157894736842	33	0	33	32	0	32	99.0	59.0	75.0	23.00000000000001	21.50000000000001	maternal
13	85653198	85653199	566	31	A	G	T>C	569	570	10	11	21	0.5238095238095238	33	0	33	32	0	32	99.0	59.0	75.0	25.300000000000004	23.800000000000004	maternal
13	85653198	85653199	575	31	A	G	T>C	569	570	22	18	40	0.45	33	0	33	32	0	32	99.0	59.0	75.0	20.800000000000004	19.300000000000004	maternal
13	87301593	87301594	396	24_B	G	T	C>A	431	432	11	8	19	0.42105263157894735	16	0	16	21	0	21	99.0	45.0	60.0	32.8	29.70000000000001	na
13	87301593	87301594	429	24_B	G	T	C>A	431	432	13	11	24	0.4583333333333333	16	0	16	21	0	21	99.0	45.0	60.0	26.599999999999994	23.5	na
13	89380405	89380406	568	31	T	A	T>A	569	570	12	14	26	0.5384615384615384	35	0	35	32	0	32	99.0	66.0	93.0	27.00000000000001	25.50000000000001	maternal
13	89380405	89380406	574	31	T	A	T>A	569	570	17	21	38	0.5526315789473685	35	0	35	32	0	32	99.0	66.0	93.0	38.8	37.3	maternal
13	97290406	97290407	395	24_B	G	T	C>A	431	432	11	11	22	0.5	28	0	28	37	0	37	99.0	81.0	99.0	30.7	27.6	paternal
13	97290406	97290407	397	24_B	G	T	C>A	431	432	21	18	39	0.4615384615384616	28	0	28	37	0	37	99.0	81.0	99.0	36.4	33.300000000000004	paternal
13	97290406	97290407	425	24_B	G	T	C>A	431	432	9	15	24	0.625	28	0	28	37	0	37	99.0	81.0	99.0	25.0	21.90000000000001	paternal
13	109017577	109017578	252	16	C	T	CpG>TpG	257	259	17	15	32	0.46875	30	0	30	27	0	27	99.0	78.0	65.0	39.8	42.60000000000001	paternal
13	109017577	109017578	253	16	C	T	CpG>TpG	257	259	18	22	40	0.55	30	0	30	27	0	27	99.0	78.0	65.0	23.099999999999994	25.90000000000001	paternal
14	22071173	22071174	361	22	A	G	T>C	362	360	15	17	32	0.53125	24	0	24	21	0	21	99.0	72.0	57.0	33.7	32.50000000000001	maternal
14	22071173	22071174	363	22	A	G	T>C	362	360	13	14	27	0.5185185185185185	24	0	24	21	0	21	99.0	72.0	57.0	22.8	21.60000000000001	maternal
14	26034874	26034875	312	19_B	G	T	C>A	308	309	12	23	35	0.6571428571428571	29	0	29	38	0	38	99.0	48.0	99.0	25.89999999999999	25.5	maternal
14	26034874	26034875	316	19_B	G	T	C>A	308	309	16	35	51	0.6862745098039216	29	0	29	38	0	38	99.0	48.0	99.0	35.89999999999999	35.5	maternal
14	26383204	26383205	197	12	G	T	C>A	191	195	19	11	30	0.3666666666666665	35	0	35	30	0	30	99.0	99.0	90.0	28.1	24.4	paternal
14	26383204	26383205	201	12	G	T	C>A	191	195	18	13	31	0.41935483870967744	35	0	35	30	0	30	99.0	99.0	90.0	27.0	23.3	paternal
14	26835807	26835808	549	30	A	G	T>C	558	557	19	14	33	0.42424242424242425	25	0	25	39	0	39	99.0	72.0	99.0	29.50000000000001	25.50000000000001	na
14	26835807	26835808	556	30	A	G	T>C	558	557	10	12	22	0.5454545454545454	25	0	25	39	0	39	99.0	72.0	99.0	26.40000000000001	22.40000000000001	na
14	33223760	33223761	319	20	G	A	C>T	328	327	12	16	28	0.5714285714285714	37	0	37	36	0	36	99.0	99.0	99.0	34.300000000000004	34.2	maternal
14	33223760	33223761	322	20	G	A	C>T	328	327	9	11	20	0.55	37	0	37	36	0	36	99.0	99.0	99.0	20.10000000000001	20.0	maternal
14	33223760	33223761	324	20	G	A	C>T	328	327	20	23	43	0.5348837209302325	37	0	37	36	0	36	99.0	99.0	99.0	22.50000000000001	22.4	maternal
14	102748446	102748447	190	12	G	A	C>T	191	195	11	9	20	0.45	29	0	29	37	0	37	99.0	75.0	99.0	44.6	40.9	maternal
14	102748446	102748447	192	12	G	A	C>T	191	195	26	20	46	0.43478260869565216	29	0	29	37	0	37	99.0	75.0	99.0	42.8	39.1	maternal
14	102748446	102748447	199	12	G	A	C>T	191	195	16	15	31	0.4838709677419355	29	0	29	37	0	37	99.0	75.0	99.0	25.90000000000001	22.20000000000001	maternal
14	103557726	103557727	424	24_D	C	T	CpG>TpG	426	428	19	16	35	0.4571428571428571	34	0	34	34	0	34	99.0	99.0	99.0	27.2	26.2	maternal
14	103557726	103557727	427	24_D	C	T	CpG>TpG	426	428	16	16	32	0.5	34	0	34	34	0	34	99.0	99.0	99.0	28.3	27.3	maternal
14	106782068	106782069	303	19_A	T	C	T>C	295	297	13	18	31	0.5806451612903226	29	0	29	24	0	24	99.0	81.0	72.0	35.50000000000001	33.300000000000004	paternal
14	106782068	106782069	318	19_A	T	C	T>C	295	297	17	16	33	0.4848484848484849	29	0	29	24	0	24	99.0	81.0	72.0	25.40000000000001	23.20000000000001	paternal
15	34170001	34170002	416	24_E	T	C	T>C	461	462	17	17	34	0.5	32	0	32	35	0	35	99.0	81.0	99.0	37.8	33.2	paternal
15	34170001	34170002	466	24_E	T	C	T>C	461	462	19	24	43	0.5581395348837209	32	0	32	35	0	35	99.0	81.0	99.0	25.0	20.4	paternal
15	40535044	40535045	123	8	C	T	CpG>TpG	135	132	11	16	27	0.5925925925925926	28	0	28	28	0	28	99.0	57.0	75.0	26.8	27.099999999999994	paternal
15	40535044	40535045	131	8	C	T	CpG>TpG	135	132	10	14	24	0.5833333333333334	28	0	28	28	0	28	99.0	57.0	75.0	30.8	31.099999999999994	paternal
15	48244152	48244153	60	3_B	C	T	CpG>TpG	56	57	7	5	12	0.4166666666666667	26	0	26	23	0	23	99.0	69.0	64.0	23.1	22.2	paternal
15	48244152	48244153	61	3_B	C	T	CpG>TpG	56	57	9	11	20	0.55	26	0	26	23	0	23	99.0	69.0	64.0	24.90000000000001	24.0	paternal
15	48244152	48244153	62	3_B	C	T	CpG>TpG	56	57	13	13	26	0.5	26	0	26	23	0	23	99.0	69.0	64.0	29.70000000000001	28.8	paternal
15	67558758	67558759	47	3_A	C	T	C>T	48	49	20	12	32	0.375	26	0	26	39	0	39	99.0	39.0	99.0	42.2	33.800000000000004	maternal
15	67558758	67558759	53	3_A	C	T	C>T	48	49	18	20	38	0.5263157894736842	26	0	26	39	0	39	99.0	39.0	99.0	32.599999999999994	24.20000000000001	maternal
15	83435452	83435453	205	13	C	T	CpG>TpG	211	217	16	10	26	0.38461538461538464	23	0	23	34	0	34	99.0	60.0	88.0	37.8	33.0	na
15	83435452	83435453	215	13	C	T	CpG>TpG	211	217	16	21	37	0.5675675675675675	23	0	23	34	0	34	99.0	60.0	88.0	34.099999999999994	29.3	na
15	98807235	98807236	83	5	C	T	CpG>TpG	86	81	20	16	36	0.4444444444444444	28	0	28	30	0	30	99.0	60.0	90.0	33.7	32.00000000000001	maternal
15	98807235	98807236	91	5	C	T	CpG>TpG	86	81	23	15	38	0.3947368421052632	28	0	28	30	0	30	99.0	60.0	90.0	22.39999999999999	20.700000000000006	maternal
16	66854	66855	44	3_A	G	A	C>T	48	49	18	11	29	0.3793103448275862	12	0	12	20	0	20	99.0	33.0	25.0	40.4	32.00000000000001	paternal
16	66854	66855	47	3_A	G	A	C>T	48	49	7	6	13	0.4615384615384616	12	0	12	20	0	20	99.0	33.0	25.0	42.2	33.800000000000004	paternal
16	15040494	15040495	335	21_A	T	C	T>C	342	340	12	6	18	0.3333333333333333	34	0	34	23	0	23	99.0	65.0	54.0	25.8	21.70000000000001	maternal
16	15040494	15040495	337	21_A	T	C	T>C	342	340	13	6	19	0.3157894736842105	34	0	34	23	0	23	99.0	65.0	54.0	32.3	28.20000000000001	maternal
16	24381544	24381545	518	28	T	C	T>C	519	530	12	10	22	0.4545454545454545	24	0	24	37	0	37	99.0	72.0	99.0	26.800000000000004	25.4	maternal
16	24381544	24381545	520	28	T	C	T>C	519	530	17	10	27	0.3703703703703704	24	0	24	37	0	37	99.0	72.0	99.0	24.10000000000001	22.70000000000001	maternal
16	24381544	24381545	527	28	T	C	T>C	519	530	17	15	32	0.46875	24	0	24	37	0	37	99.0	72.0	99.0	42.8	41.4	maternal
16	24381544	24381545	533	28	T	C	T>C	519	530	14	15	29	0.5172413793103449	24	0	24	37	0	37	99.0	72.0	99.0	25.800000000000004	24.4	maternal
16	32977466	32977467	564	31	T	C	T>C	569	570	7	7	14	0.5	22	0	22	14	0	14	99.0	28.0	31.0	19.500000000000007	18.000000000000007	maternal
16	32977466	32977467	568	31	T	C	T>C	569	570	14	7	21	0.3333333333333333	22	0	22	14	0	14	99.0	28.0	31.0	27.00000000000001	25.50000000000001	maternal
16	32977466	32977467	573	31	T	C	T>C	569	570	12	7	19	0.3684210526315789	22	0	22	14	0	14	99.0	28.0	31.0	21.90000000000001	20.400000000000006	maternal
16	32977466	32977467	575	31	T	C	T>C	569	570	11	9	20	0.45	22	0	22	14	0	14	99.0	28.0	31.0	20.800000000000004	19.300000000000004	maternal
16	49192889	49192890	103	6	T	C	T>C	102	107	14	22	36	0.6111111111111112	37	0	37	39	0	39	99.0	99.0	99.0	25.7	28.50000000000001	maternal
16	49192889	49192890	104	6	T	C	T>C	102	107	19	22	41	0.5365853658536586	37	0	37	39	0	39	99.0	99.0	99.0	30.5	33.300000000000004	maternal
16	49192889	49192890	106	6	T	C	T>C	102	107	6	6	12	0.5	37	0	37	39	0	39	99.0	99.0	99.0	24.0	26.800000000000004	maternal
16	54751683	54751684	396	24_B	T	C	T>C	431	432	15	15	30	0.5	36	0	36	36	0	36	99.0	99.0	99.0	32.8	29.70000000000001	paternal
16	54751683	54751684	429	24_B	T	C	T>C	431	432	13	21	34	0.6176470588235294	36	0	36	36	0	36	99.0	99.0	99.0	26.599999999999994	23.5	paternal
16	55444245	55444246	68	4	T	C	T>C	77	76	14	15	29	0.5172413793103449	31	0	31	34	0	34	99.0	84.0	99.0	19.5	19.599999999999994	paternal
16	55444245	55444246	70	4	T	C	T>C	77	76	13	17	30	0.5666666666666667	31	0	31	34	0	34	99.0	84.0	99.0	25.5	25.599999999999994	paternal
16	62148806	62148807	379	23	T	G	T>G	387	380	11	17	28	0.6071428571428571	38	0	38	33	0	33	99.0	99.0	81.0	48.60000000000001	41.90000000000001	maternal
16	62148806	62148807	381	23	T	G	T>G	387	380	13	16	29	0.5517241379310345	38	0	38	33	0	33	99.0	99.0	81.0	34.300000000000004	27.6	maternal
16	62148806	62148807	383	23	T	G	T>G	387	380	19	16	35	0.4571428571428571	38	0	38	33	0	33	99.0	99.0	81.0	31.60000000000001	24.90000000000001	maternal
16	64580633	64580634	507	27	C	A	C>A	508	512	8	10	18	0.5555555555555556	17	0	17	22	0	22	99.0	48.0	57.0	32.7	27.6	paternal
16	64580633	64580634	514	27	C	A	C>A	508	512	15	18	33	0.5454545454545454	17	0	17	22	0	22	99.0	48.0	57.0	30.8	25.70000000000001	paternal
16	65415107	65415108	223	14	C	T	CpG>TpG	231	230	20	17	37	0.4594594594594595	21	0	21	36	0	36	99.0	63.0	89.0	28.099999999999994	26.8	maternal
16	65415107	65415108	229	14	C	T	CpG>TpG	231	230	21	22	43	0.5116279069767442	21	0	21	36	0	36	99.0	63.0	89.0	36.8	35.5	maternal
16	71785311	71785312	485	25	T	C	T>C	489	494	13	16	29	0.5517241379310345	43	0	43	29	0	29	99.0	85.0	81.0	36.5	35.099999999999994	paternal
16	71785311	71785312	490	25	T	C	T>C	489	494	18	11	29	0.3793103448275862	43	0	43	29	0	29	99.0	85.0	81.0	29.1	27.7	paternal
16	72058058	72058059	384	23	C	T	CpG>TpG	387	380	22	17	39	0.4358974358974359	32	0	32	32	0	32	99.0	90.0	87.0	30.00000000000001	23.300000000000004	paternal
16	72058058	72058059	393	23	C	T	CpG>TpG	387	380	19	21	40	0.525	32	0	32	32	0	32	99.0	90.0	87.0	26.50000000000001	19.800000000000004	paternal
16	76760783	76760784	266	17	G	A	C>T	275	276	10	20	30	0.6666666666666666	32	0	32	25	0	25	99.0	83.0	72.0	31.1	28.300000000000004	paternal
16	76760783	76760784	277	17	G	A	C>T	275	276	13	13	26	0.5	32	0	32	25	0	25	99.0	83.0	72.0	40.5	37.7	paternal
16	76760783	76760784	278	17	G	A	C>T	275	276	20	13	33	0.3939393939393939	32	0	32	25	0	25	99.0	83.0	72.0	23.4	20.6	paternal
17	2733457	2733458	523	28	C	A	C>A	519	530	14	20	34	0.5882352941176471	20	0	20	33	0	33	99.0	60.0	90.0	32.800000000000004	31.4	paternal
17	2733457	2733458	526	28	C	A	C>A	519	530	18	8	26	0.3076923076923077	20	0	20	33	0	33	99.0	60.0	90.0	40.00000000000001	38.6	paternal
17	4644369	4644370	250	16	A	G	T>C	257	259	22	12	34	0.35294117647058826	43	0	43	38	0	38	99.0	69.0	78.0	27.7	30.50000000000001	maternal
17	4644369	4644370	251	16	A	G	T>C	257	259	14	15	29	0.5172413793103449	43	0	43	38	0	38	99.0	69.0	78.0	29.39999999999999	32.2	maternal
17	4644369	4644370	253	16	A	G	T>C	257	259	11	25	36	0.6944444444444444	43	0	43	38	0	38	99.0	69.0	78.0	23.099999999999994	25.90000000000001	maternal
17	12982625	12982626	523	28	G	T	C>A	519	530	15	19	34	0.5588235294117647	35	0	35	37	0	37	99.0	99.0	99.0	32.800000000000004	31.4	maternal
17	12982625	12982626	524	28	G	T	C>A	519	530	15	17	32	0.53125	35	0	35	37	0	37	99.0	99.0	99.0	21.70000000000001	20.3	maternal
17	12982625	12982626	525	28	G	T	C>A	519	530	24	20	44	0.4545454545454545	35	0	35	37	0	37	99.0	99.0	99.0	35.50000000000001	34.1	maternal
17	12982625	12982626	527	28	G	T	C>A	519	530	14	13	27	0.4814814814814815	35	0	35	37	0	37	99.0	99.0	99.0	42.8	41.4	maternal
17	12982625	12982626	533	28	G	T	C>A	519	530	14	17	31	0.5483870967741935	35	0	35	37	0	37	99.0	99.0	99.0	25.800000000000004	24.4	maternal
17	45709202	45709203	73	4	C	T	CpG>TpG	77	76	15	25	40	0.625	29	0	29	26	0	26	99.0	84.0	78.0	37.0	37.1	na
17	45709202	45709203	74	4	C	T	CpG>TpG	77	76	14	16	30	0.5333333333333333	29	0	29	26	0	26	99.0	84.0	78.0	23.0	23.099999999999994	na
17	48679884	48679885	377	23	C	T	CpG>TpG	387	380	21	27	48	0.5625	37	0	37	34	0	34	99.0	99.0	93.0	44.2	37.5	maternal
17	48679884	48679885	382	23	C	T	CpG>TpG	387	380	13	18	31	0.5806451612903226	37	0	37	34	0	34	99.0	99.0	93.0	33.10000000000001	26.40000000000001	maternal
17	48679884	48679885	385	23	C	T	CpG>TpG	387	380	12	22	34	0.6470588235294118	37	0	37	34	0	34	99.0	99.0	93.0	37.00000000000001	30.300000000000004	maternal
17	53066355	53066356	337	21_A	T	G	T>G	342	340	31	19	50	0.38	28	0	28	43	0	43	99.0	81.0	99.0	32.3	28.20000000000001	maternal
17	53066355	53066356	338	21_A	T	G	T>G	342	340	32	14	46	0.3043478260869565	28	0	28	43	0	43	99.0	81.0	99.0	34.6	30.50000000000001	maternal
17	62001164	62001165	487	25	G	A	CpG>TpG	489	494	19	19	38	0.5	37	0	37	27	0	27	99.0	99.0	81.0	23.0	21.599999999999994	na
17	62001164	62001165	492	25	G	A	CpG>TpG	489	494	13	12	25	0.48	37	0	37	27	0	27	99.0	99.0	81.0	33.8	32.39999999999999	na
17	75309028	75309029	303	19_A	C	T	CpG>TpG	295	297	22	20	42	0.4761904761904762	35	0	35	32	0	32	99.0	99.0	80.0	35.50000000000001	33.300000000000004	maternal
17	75309028	75309029	318	19_A	C	T	CpG>TpG	295	297	19	15	34	0.4411764705882353	35	0	35	32	0	32	99.0	99.0	80.0	25.40000000000001	23.20000000000001	maternal
17	77353938	77353939	320	20	C	A	C>A	328	327	7	15	22	0.6818181818181818	30	0	30	32	0	32	99.0	84.0	81.0	27.00000000000001	26.9	maternal
17	77353938	77353939	324	20	C	A	C>A	328	327	21	17	38	0.4473684210526316	30	0	30	32	0	32	99.0	84.0	81.0	22.50000000000001	22.4	maternal
17	78167762	78167763	320	20	G	A	CpG>TpG	328	327	23	18	41	0.4390243902439024	34	0	34	35	0	35	99.0	99.0	99.0	27.00000000000001	26.9	maternal
17	78167762	78167763	324	20	G	A	CpG>TpG	328	327	19	11	30	0.3666666666666665	34	0	34	35	0	35	99.0	99.0	99.0	22.50000000000001	22.4	maternal
17	78798530	78798531	395	24_B	C	A	C>A	431	432	24	13	37	0.35135135135135137	25	0	25	34	0	34	99.0	72.0	99.0	30.7	27.6	paternal
17	78798530	78798531	425	24_B	C	A	C>A	431	432	24	22	46	0.4782608695652174	25	0	25	34	0	34	99.0	72.0	99.0	25.0	21.90000000000001	paternal
17	79069085	79069086	337	21_A	C	T	CpG>TpG	342	340	16	22	38	0.5789473684210527	36	0	36	38	0	38	99.0	68.0	75.0	32.3	28.20000000000001	maternal
17	79069085	79069086	338	21_A	C	T	CpG>TpG	342	340	15	15	30	0.5	36	0	36	38	0	38	99.0	68.0	75.0	34.6	30.50000000000001	maternal
17	79350911	79350912	143	9	G	T	C>A	145	144	17	15	32	0.46875	30	0	30	35	0	35	99.0	90.0	35.0	31.2	29.300000000000004	paternal
17	79350911	79350912	148	9	G	T	C>A	145	144	20	29	49	0.5918367346938775	30	0	30	35	0	35	99.0	90.0	35.0	27.3	25.40000000000001	paternal
17	79350911	79350912	149	9	G	T	C>A	145	144	11	6	17	0.35294117647058826	30	0	30	35	0	35	99.0	90.0	35.0	22.599999999999994	20.700000000000006	paternal
18	4682791	4682792	170	11	G	A	CpG>TpG	186	182	14	19	33	0.5757575757575758	40	0	40	37	0	37	99.0	99.0	99.0	46.7	42.7	paternal
18	4682791	4682792	175	11	G	A	CpG>TpG	186	182	25	13	38	0.34210526315789475	40	0	40	37	0	37	99.0	99.0	99.0	23.20000000000001	19.200000000000006	paternal
18	7893259	7893260	17	2_A	T	C	T>C	39	40	15	11	26	0.4230769230769231	25	0	25	25	0	25	99.0	71.0	75.0	39.7	39.5	maternal
18	7893259	7893260	38	2_A	T	C	T>C	39	40	14	11	25	0.44	25	0	25	25	0	25	99.0	71.0	75.0	37.40000000000001	37.2	maternal
18	13189653	13189654	421	24_D	G	T	C>A	426	428	22	14	36	0.3888888888888889	31	0	31	30	0	30	99.0	54.0	90.0	23.3	22.3	paternal
18	13189653	13189654	474	24_D	G	T	C>A	426	428	20	13	33	0.3939393939393939	31	0	31	30	0	30	99.0	54.0	90.0	31.599999999999994	30.599999999999994	paternal
18	27426013	27426014	446	24_C	C	T	CpG>TpG	444	445	17	11	28	0.3928571428571429	31	0	31	35	0	35	99.0	84.0	87.0	34.6	29.7	paternal
18	27426013	27426014	472	24_C	C	T	CpG>TpG	444	445	10	10	20	0.5	31	0	31	35	0	35	99.0	84.0	87.0	36.6	31.7	paternal
18	28617106	28617107	69	4	T	C	T>C	77	76	21	16	37	0.4324324324324325	35	0	35	16	0	16	99.0	99.0	45.0	27.1	27.2	maternal
18	28617106	28617107	72	4	T	C	T>C	77	76	17	19	36	0.5277777777777778	35	0	35	16	0	16	99.0	99.0	45.0	34.5	34.599999999999994	maternal
18	28617106	28617107	73	4	T	C	T>C	77	76	12	12	24	0.5	35	0	35	16	0	16	99.0	99.0	45.0	37.0	37.1	maternal
18	28617106	28617107	74	4	T	C	T>C	77	76	17	18	35	0.5142857142857142	35	0	35	16	0	16	99.0	99.0	45.0	23.0	23.099999999999994	maternal
18	43703797	43703798	99	6	T	G	T>G	102	107	16	21	37	0.5675675675675675	35	0	35	33	0	33	99.0	96.0	99.0	34.89999999999999	37.7	paternal
18	43703797	43703798	103	6	T	G	T>G	102	107	16	18	34	0.5294117647058824	35	0	35	33	0	33	99.0	96.0	99.0	25.7	28.50000000000001	paternal
18	43703797	43703798	104	6	T	G	T>G	102	107	15	14	29	0.4827586206896552	35	0	35	33	0	33	99.0	96.0	99.0	30.5	33.300000000000004	paternal
18	66056255	66056256	365	22	C	A	C>A	362	360	12	20	32	0.625	38	0	38	25	0	25	99.0	57.0	75.0	27.0	25.800000000000008	paternal
18	66056255	66056256	375	22	C	A	C>A	362	360	12	16	28	0.5714285714285714	38	0	38	25	0	25	99.0	57.0	75.0	37.89999999999999	36.7	paternal
19	7945626	7945627	413	24_D	G	A	CpG>TpG	426	428	11	14	25	0.56	22	0	22	31	0	31	99.0	66.0	93.0	35.0	34.0	maternal
19	7945626	7945627	415	24_D	G	A	CpG>TpG	426	428	14	16	30	0.5333333333333333	22	0	22	31	0	31	99.0	66.0	93.0	41.1	40.1	maternal
19	10270135	10270136	189	12	C	G	C>G	191	195	17	11	28	0.3928571428571429	27	0	27	34	0	34	99.0	81.0	99.0	48.5	44.8	paternal
19	10270135	10270136	193	12	C	G	C>G	191	195	17	13	30	0.43333333333333335	27	0	27	34	0	34	99.0	81.0	99.0	39.7	36.0	paternal
19	33717912	33717913	395	24_B	C	A	C>A	431	432	16	15	31	0.4838709677419355	25	0	25	37	0	37	99.0	75.0	50.0	30.7	27.6	paternal
19	33717912	33717913	397	24_B	C	A	C>A	431	432	12	8	20	0.4	25	0	25	37	0	37	99.0	75.0	50.0	36.4	33.300000000000004	paternal
19	43586715	43586716	127	8	C	T	C>T	135	132	11	5	16	0.3125	31	0	31	29	0	29	99.0	71.0	81.0	33.7	33.99999999999999	maternal
19	43586715	43586716	129	8	C	T	C>T	135	132	14	6	20	0.3	31	0	31	29	0	29	99.0	71.0	81.0	19.8	20.099999999999994	maternal
19	43586732	43586733	127	8	C	T	C>T	135	132	14	8	22	0.3636363636363637	32	0	32	28	0	28	99.0	78.0	78.0	33.7	33.99999999999999	maternal
19	43586732	43586733	129	8	C	T	C>T	135	132	15	11	26	0.4230769230769231	32	0	32	28	0	28	99.0	78.0	78.0	19.8	20.099999999999994	maternal
19	52865372	52865373	266	17	C	T	CpG>TpG	275	276	11	18	29	0.6206896551724138	36	0	36	33	0	33	99.0	99.0	96.0	31.1	28.300000000000004	paternal
19	52865372	52865373	267	17	C	T	CpG>TpG	275	276	17	13	30	0.43333333333333335	36	0	36	33	0	33	99.0	99.0	96.0	36.4	33.6	paternal
19	52865372	52865373	277	17	C	T	CpG>TpG	275	276	18	22	40	0.55	36	0	36	33	0	33	99.0	99.0	96.0	40.5	37.7	paternal
2	3699989	3699990	469	24_E	C	T	CpG>TpG	461	462	13	23	36	0.6388888888888888	35	0	35	35	0	35	99.0	99.0	99.0	34.3	29.70000000000001	maternal
2	3699989	3699990	476	24_E	C	T	CpG>TpG	461	462	10	16	26	0.6153846153846154	35	0	35	35	0	35	99.0	99.0	99.0	26.5	21.9	maternal
2	11497912	11497913	354	21_B	C	T	CpG>TpG	348	349	21	23	44	0.5227272727272727	29	0	29	36	0	36	99.0	81.0	99.0	27.800000000000004	26.800000000000004	na
2	11497912	11497913	358	21_B	C	T	CpG>TpG	348	349	20	13	33	0.3939393939393939	29	0	29	36	0	36	99.0	81.0	99.0	35.2	34.2	na
2	12712400	12712401	300	19_A	G	C	C>G	295	297	10	9	19	0.4736842105263158	27	0	27	34	0	34	99.0	80.0	99.0	39.00000000000001	36.8	paternal
2	12712400	12712401	301	19_A	G	C	C>G	295	297	16	17	33	0.5151515151515151	27	0	27	34	0	34	99.0	80.0	99.0	29.20000000000001	27.0	paternal
2	12712400	12712401	302	19_A	G	C	C>G	295	297	11	10	21	0.4761904761904762	27	0	27	34	0	34	99.0	80.0	99.0	32.800000000000004	30.6	paternal
2	12712400	12712401	303	19_A	G	C	C>G	295	297	14	15	29	0.5172413793103449	27	0	27	34	0	34	99.0	80.0	99.0	35.50000000000001	33.300000000000004	paternal
2	12712400	12712401	305	19_A	G	C	C>G	295	297	8	9	17	0.5294117647058824	27	0	27	34	0	34	99.0	80.0	99.0	28.10000000000001	25.90000000000001	paternal
2	12712400	12712401	318	19_A	G	C	C>G	295	297	11	13	24	0.5416666666666666	27	0	27	34	0	34	99.0	80.0	99.0	25.40000000000001	23.20000000000001	paternal
2	16835765	16835766	68	4	T	A	T>A	77	76	26	17	43	0.3953488372093023	37	0	37	28	0	28	99.0	96.0	43.0	19.5	19.599999999999994	maternal
2	16835765	16835766	70	4	T	A	T>A	77	76	12	10	22	0.4545454545454545	37	0	37	28	0	28	99.0	96.0	43.0	25.5	25.599999999999994	maternal
2	41911909	41911910	382	23	G	A	C>T	387	380	14	21	35	0.6	28	0	28	37	0	37	99.0	81.0	99.0	33.10000000000001	26.40000000000001	paternal
2	41911909	41911910	385	23	G	A	C>T	387	380	14	24	38	0.631578947368421	28	0	28	37	0	37	99.0	81.0	99.0	37.00000000000001	30.300000000000004	paternal
2	41911909	41911910	394	23	G	A	C>T	387	380	15	14	29	0.4827586206896552	28	0	28	37	0	37	99.0	81.0	99.0	27.800000000000004	21.1	paternal
2	54569446	54569447	24	2_B	C	G	C>G	31	28	18	16	34	0.4705882352941176	23	0	23	28	0	28	99.0	51.0	72.0	30.099999999999994	26.89999999999999	paternal
2	54569446	54569447	27	2_B	C	G	C>G	31	28	15	18	33	0.5454545454545454	23	0	23	28	0	28	99.0	51.0	72.0	35.9	32.7	paternal
2	54569446	54569447	29	2_B	C	G	C>G	31	28	12	9	21	0.42857142857142855	23	0	23	28	0	28	99.0	51.0	72.0	41.0	37.8	paternal
2	54569446	54569447	32	2_B	C	G	C>G	31	28	15	21	36	0.5833333333333334	23	0	23	28	0	28	99.0	51.0	72.0	26.7	23.5	paternal
2	55103105	55103106	591	33	C	T	CpG>TpG	594	598	14	16	30	0.5333333333333333	39	0	39	33	0	33	99.0	99.0	85.0	29.9	27.4	na
2	55103105	55103106	602	33	C	T	CpG>TpG	594	598	17	17	34	0.5	39	0	39	33	0	33	99.0	99.0	85.0	23.8	21.3	na
2	63679602	63679603	518	28	C	T	C>T	519	530	12	17	29	0.5862068965517241	31	0	31	29	0	29	99.0	84.0	72.0	26.800000000000004	25.4	maternal
2	63679602	63679603	526	28	C	T	C>T	519	530	17	11	28	0.3928571428571429	31	0	31	29	0	29	99.0	84.0	72.0	40.00000000000001	38.6	maternal
2	63679602	63679603	527	28	C	T	C>T	519	530	15	15	30	0.5	31	0	31	29	0	29	99.0	84.0	72.0	42.8	41.4	maternal
2	75845405	75845406	413	24_D	G	A	C>T	426	428	25	13	38	0.34210526315789475	30	0	30	37	0	37	99.0	90.0	99.0	35.0	34.0	paternal
2	75845405	75845406	414	24_D	G	A	C>T	426	428	17	14	31	0.4516129032258064	30	0	30	37	0	37	99.0	90.0	99.0	36.7	35.7	paternal
2	77732511	77732512	526	28	A	G	T>C	519	530	10	10	20	0.5	33	0	33	33	0	33	99.0	90.0	99.0	40.00000000000001	38.6	paternal
2	77732511	77732512	533	28	A	G	T>C	519	530	16	14	30	0.4666666666666667	33	0	33	33	0	33	99.0	90.0	99.0	25.800000000000004	24.4	paternal
2	92050857	92050858	85	5	T	C	T>C	86	81	13	10	23	0.43478260869565216	26	0	26	27	0	27	99.0	39.0	28.0	19.7	18.000000000000007	paternal
2	92050857	92050858	89	5	T	C	T>C	86	81	16	20	36	0.5555555555555556	26	0	26	27	0	27	99.0	39.0	28.0	21.099999999999994	19.400000000000006	paternal
2	118523995	118523996	45	3_A	T	C	T>C	48	49	21	13	34	0.38235294117647056	15	0	15	30	0	30	99.0	39.0	87.0	38.2	29.800000000000004	maternal
2	118523995	118523996	53	3_A	T	C	T>C	48	49	18	9	27	0.3333333333333333	15	0	15	30	0	30	99.0	39.0	87.0	32.599999999999994	24.20000000000001	maternal
2	141781363	141781364	80	5	A	C	T>G	86	81	11	12	23	0.5217391304347826	32	0	32	33	0	33	99.0	83.0	90.0	35.099999999999994	33.40000000000001	maternal
2	141781363	141781364	90	5	A	C	T>G	86	81	10	6	16	0.375	32	0	32	33	0	33	99.0	83.0	90.0	23.7	22.00000000000001	maternal
2	150625618	150625619	103	6	G	C	C>G	102	107	19	26	45	0.5777777777777777	38	0	38	36	0	36	99.0	99.0	99.0	25.7	28.50000000000001	paternal
2	150625618	150625619	104	6	G	C	C>G	102	107	20	31	51	0.6078431372549019	38	0	38	36	0	36	99.0	99.0	99.0	30.5	33.300000000000004	paternal
2	151389822	151389823	99	6	C	A	C>A	102	107	20	25	45	0.5555555555555556	38	0	38	32	0	32	99.0	99.0	90.0	34.89999999999999	37.7	paternal
2	151389822	151389823	103	6	C	A	C>A	102	107	12	7	19	0.3684210526315789	38	0	38	32	0	32	99.0	99.0	90.0	25.7	28.50000000000001	paternal
2	151389822	151389823	104	6	C	A	C>A	102	107	24	16	40	0.4	38	0	38	32	0	32	99.0	99.0	90.0	30.5	33.300000000000004	paternal
2	156822536	156822537	213	13	G	A	CpG>TpG	211	217	17	21	38	0.5526315789473685	25	0	25	28	0	28	99.0	70.0	84.0	35.9	31.1	maternal
2	156822536	156822537	215	13	G	A	CpG>TpG	211	217	13	20	33	0.6060606060606061	25	0	25	28	0	28	99.0	70.0	84.0	34.099999999999994	29.3	maternal
2	159742545	159742546	535	29	C	T	CpG>TpG	541	538	20	14	34	0.4117647058823529	34	0	34	39	0	39	99.0	99.0	99.0	24.5	23.300000000000004	maternal
2	159742545	159742546	536	29	C	T	CpG>TpG	541	538	13	12	25	0.48	34	0	34	39	0	39	99.0	99.0	99.0	32.599999999999994	31.40000000000001	maternal
2	159742545	159742546	537	29	C	T	CpG>TpG	541	538	11	21	32	0.65625	34	0	34	39	0	39	99.0	99.0	99.0	22.39999999999999	21.200000000000006	maternal
2	159742545	159742546	539	29	C	T	CpG>TpG	541	538	4	8	12	0.6666666666666666	34	0	34	39	0	39	99.0	99.0	99.0	34.49999999999999	33.300000000000004	maternal
2	163786515	163786516	537	29	T	A	T>A	541	538	15	16	31	0.5161290322580645	25	0	25	41	0	41	99.0	72.0	63.0	22.39999999999999	21.200000000000006	paternal
2	163786515	163786516	540	29	T	A	T>A	541	538	24	19	43	0.4418604651162791	25	0	25	41	0	41	99.0	72.0	63.0	35.89999999999999	34.7	paternal
2	163874578	163874579	105	6	C	T	C>T	102	107	23	14	37	0.3783783783783784	39	0	39	35	0	35	99.0	99.0	67.0	37.39999999999999	40.2	na
2	163874578	163874579	106	6	C	T	C>T	102	107	12	13	25	0.52	39	0	39	35	0	35	99.0	99.0	67.0	24.0	26.800000000000004	na
2	165977727	165977728	24	2_B	G	A	C>T	31	28	19	19	38	0.5	36	0	36	33	0	33	99.0	99.0	93.0	30.099999999999994	26.89999999999999	maternal
2	165977727	165977728	29	2_B	G	A	C>T	31	28	15	16	31	0.5161290322580645	36	0	36	33	0	33	99.0	99.0	93.0	41.0	37.8	maternal
2	167500573	167500574	298	19_A	C	G	C>G	295	297	25	21	46	0.4565217391304348	38	0	38	38	0	38	99.0	99.0	74.0	37.2	35.0	paternal
2	167500573	167500574	300	19_A	C	G	C>G	295	297	9	18	27	0.6666666666666666	38	0	38	38	0	38	99.0	99.0	74.0	39.00000000000001	36.8	paternal
2	167500573	167500574	303	19_A	C	G	C>G	295	297	17	15	32	0.46875	38	0	38	38	0	38	99.0	99.0	74.0	35.50000000000001	33.300000000000004	paternal
2	167500573	167500574	304	19_A	C	G	C>G	295	297	10	14	24	0.5833333333333334	38	0	38	38	0	38	99.0	99.0	74.0	30.20000000000001	28.0	paternal
2	167500573	167500574	305	19_A	C	G	C>G	295	297	17	12	29	0.4137931034482759	38	0	38	38	0	38	99.0	99.0	74.0	28.10000000000001	25.90000000000001	paternal
2	170085312	170085313	101	6	G	A	C>T	102	107	15	13	28	0.4642857142857143	39	0	39	30	0	30	99.0	99.0	90.0	27.39999999999999	30.20000000000001	maternal
2	170085312	170085313	105	6	G	A	C>T	102	107	15	21	36	0.5833333333333334	39	0	39	30	0	30	99.0	99.0	90.0	37.39999999999999	40.2	maternal
2	183662035	183662036	266	17	A	G	T>C	275	276	18	22	40	0.55	26	0	26	33	0	33	99.0	75.0	99.0	31.1	28.300000000000004	na
2	183662035	183662036	277	17	A	G	T>C	275	276	12	25	37	0.6756756756756757	26	0	26	33	0	33	99.0	75.0	99.0	40.5	37.7	na
2	183662035	183662036	278	17	A	G	T>C	275	276	12	18	30	0.6	26	0	26	33	0	33	99.0	75.0	99.0	23.4	20.6	na
2	185409876	185409877	103	6	A	T	T>A	102	107	13	13	26	0.5	34	0	34	27	0	27	99.0	99.0	51.0	25.7	28.50000000000001	paternal
2	185409876	185409877	105	6	A	T	T>A	102	107	18	14	32	0.4375	34	0	34	27	0	27	99.0	99.0	51.0	37.39999999999999	40.2	paternal
2	185409876	185409877	106	6	A	T	T>A	102	107	20	18	38	0.4736842105263158	34	0	34	27	0	27	99.0	99.0	51.0	24.0	26.800000000000004	paternal
2	195241505	195241506	156	10	C	A	C>A	163	164	15	14	29	0.4827586206896552	33	0	33	38	0	38	99.0	93.0	99.0	36.7	33.8	na
2	195241505	195241506	158	10	C	A	C>A	163	164	10	21	31	0.6774193548387096	33	0	33	38	0	38	99.0	93.0	99.0	31.20000000000001	28.3	na
2	199388413	199388414	156	10	C	A	C>A	163	164	18	16	34	0.4705882352941176	35	0	35	38	0	38	99.0	99.0	99.0	36.7	33.8	maternal
2	199388413	199388414	158	10	C	A	C>A	163	164	24	14	38	0.3684210526315789	35	0	35	38	0	38	99.0	99.0	99.0	31.20000000000001	28.3	maternal
2	209084450	209084451	70	4	A	G	T>C	77	76	10	16	26	0.6153846153846154	37	0	37	33	0	33	99.0	99.0	75.0	25.5	25.599999999999994	paternal
2	209084450	209084451	73	4	A	G	T>C	77	76	11	10	21	0.4761904761904762	37	0	37	33	0	33	99.0	99.0	75.0	37.0	37.1	paternal
2	220426657	220426658	103	6	C	T	CpG>TpG	102	107	16	15	31	0.4838709677419355	38	0	38	40	0	40	99.0	99.0	59.0	25.7	28.50000000000001	paternal
2	220426657	220426658	105	6	C	T	CpG>TpG	102	107	13	10	23	0.43478260869565216	38	0	38	40	0	40	99.0	99.0	59.0	37.39999999999999	40.2	paternal
2	220426657	220426658	106	6	C	T	CpG>TpG	102	107	18	21	39	0.5384615384615384	38	0	38	40	0	40	99.0	99.0	59.0	24.0	26.800000000000004	paternal
2	222592783	222592784	591	33	A	G	T>C	594	598	15	15	30	0.5	27	0	27	22	0	22	99.0	72.0	53.0	29.9	27.4	paternal
2	222592783	222592784	602	33	A	G	T>C	594	598	18	11	29	0.3793103448275862	27	0	27	22	0	22	99.0	72.0	53.0	23.8	21.3	paternal
2	225962067	225962068	413	24_D	G	A	CpG>TpG	426	428	13	14	27	0.5185185185185185	32	0	32	23	0	23	99.0	96.0	69.0	35.0	34.0	paternal
2	225962067	225962068	415	24_D	G	A	CpG>TpG	426	428	18	14	32	0.4375	32	0	32	23	0	23	99.0	96.0	69.0	41.1	40.1	paternal
2	230789510	230789511	192	12	G	C	C>G	191	195	16	15	31	0.4838709677419355	30	0	30	31	0	31	99.0	81.0	90.0	42.8	39.1	maternal
2	230789510	230789511	199	12	G	C	C>G	191	195	17	16	33	0.4848484848484849	30	0	30	31	0	31	99.0	81.0	90.0	25.90000000000001	22.20000000000001	maternal
2	239476541	239476542	589	33	G	A	CpG>TpG	594	598	21	27	48	0.5625	37	0	37	34	0	34	99.0	95.0	90.0	25.4	22.9	maternal
2	239476541	239476542	592	33	G	A	CpG>TpG	594	598	16	24	40	0.6	37	0	37	34	0	34	99.0	95.0	90.0	42.2	39.7	maternal
2	239476541	239476542	601	33	G	A	CpG>TpG	594	598	16	15	31	0.4838709677419355	37	0	37	34	0	34	99.0	95.0	90.0	27.8	25.3	maternal
2	242164067	242164068	105	6	G	A	CpG>TpG	102	107	16	13	29	0.4482758620689655	42	0	42	35	0	35	99.0	99.0	99.0	37.39999999999999	40.2	maternal
2	242164067	242164068	108	6	G	A	CpG>TpG	102	107	11	20	31	0.6451612903225806	42	0	42	35	0	35	99.0	99.0	99.0	39.8	42.60000000000001	maternal
20	4433792	4433793	266	17	A	G	T>C	275	276	17	18	35	0.5142857142857142	25	0	25	30	0	30	99.0	75.0	90.0	31.1	28.300000000000004	paternal
20	4433792	4433793	278	17	A	G	T>C	275	276	17	20	37	0.5405405405405406	25	0	25	30	0	30	99.0	75.0	90.0	23.4	20.6	paternal
20	7067703	7067704	591	33	G	A	CpG>TpG	594	598	14	10	24	0.4166666666666667	32	0	32	32	0	32	99.0	59.0	90.0	29.9	27.4	maternal
20	7067703	7067704	593	33	G	A	CpG>TpG	594	598	18	18	36	0.5	32	0	32	32	0	32	99.0	59.0	90.0	31.0	28.5	maternal
20	7067703	7067704	595	33	G	A	CpG>TpG	594	598	14	6	20	0.3	32	0	32	32	0	32	99.0	59.0	90.0	40.7	38.2	maternal
20	33756210	33756211	197	12	G	A	C>T	191	195	11	17	28	0.6071428571428571	38	0	38	29	0	29	99.0	99.0	81.0	28.1	24.4	paternal
20	33756210	33756211	201	12	G	A	C>T	191	195	16	14	30	0.4666666666666667	38	0	38	29	0	29	99.0	99.0	81.0	27.0	23.3	paternal
20	46790186	46790187	424	24_D	C	T	CpG>TpG	426	428	17	15	32	0.46875	25	0	25	31	0	31	99.0	75.0	84.0	27.2	26.2	maternal
20	46790186	46790187	427	24_D	C	T	CpG>TpG	426	428	15	15	30	0.5	25	0	25	31	0	31	99.0	75.0	84.0	28.3	27.3	maternal
20	46930872	46930873	579	32	G	C	C>G	584	578	15	17	32	0.53125	28	0	28	32	0	32	99.0	70.0	75.0	38.7	29.8	paternal
20	46930872	46930873	581	32	G	C	C>G	584	578	14	12	26	0.4615384615384616	28	0	28	32	0	32	99.0	70.0	75.0	31.800000000000004	22.9	paternal
20	47273193	47273194	361	22	C	T	C>T	362	360	13	15	28	0.5357142857142857	27	0	27	26	0	26	99.0	81.0	72.0	33.7	32.50000000000001	maternal
20	47273193	47273194	363	22	C	T	C>T	362	360	17	16	33	0.4848484848484849	27	0	27	26	0	26	99.0	81.0	72.0	22.8	21.60000000000001	maternal
20	58295682	58295683	565	31	C	A	C>A	569	570	23	11	34	0.3235294117647059	39	0	39	30	0	30	99.0	79.0	81.0	23.00000000000001	21.50000000000001	maternal
20	58295682	58295683	566	31	C	A	C>A	569	570	9	14	23	0.6086956521739131	39	0	39	30	0	30	99.0	79.0	81.0	25.300000000000004	23.800000000000004	maternal
20	62477705	62477706	299	19_A	C	T	CpG>TpG	295	297	15	23	38	0.6052631578947368	40	0	40	28	0	28	99.0	81.0	81.0	33.7	31.5	maternal
20	62477705	62477706	318	19_A	C	T	CpG>TpG	295	297	18	12	30	0.4	40	0	40	28	0	28	99.0	81.0	81.0	25.40000000000001	23.20000000000001	maternal
21	24143565	24143566	298	19_A	C	T	CpG>TpG	295	297	19	14	33	0.42424242424242425	34	0	34	21	0	21	99.0	99.0	60.0	37.2	35.0	maternal
21	24143565	24143566	304	19_A	C	T	CpG>TpG	295	297	18	22	40	0.55	34	0	34	21	0	21	99.0	99.0	60.0	30.20000000000001	28.0	maternal
21	28658426	28658427	1	1	A	G	T>C	2	4	18	16	34	0.4705882352941176	37	0	37	49	0	49	99.0	99.0	99.0	29.8	22.60000000000001	paternal
21	28658426	28658427	3	1	A	G	T>C	2	4	19	17	36	0.4722222222222222	37	0	37	49	0	49	99.0	99.0	99.0	43.99999999999999	36.8	paternal
21	28658426	28658427	6	1	A	G	T>C	2	4	16	18	34	0.5294117647058824	37	0	37	49	0	49	99.0	99.0	99.0	32.5	25.300000000000008	paternal
22	19776330	19776331	299	19_A	G	A	CpG>TpG	295	297	22	18	40	0.45	31	0	31	33	0	33	99.0	61.0	99.0	33.7	31.5	maternal
22	19776330	19776331	318	19_A	G	A	CpG>TpG	295	297	9	13	22	0.5909090909090909	31	0	31	33	0	33	99.0	61.0	99.0	25.40000000000001	23.20000000000001	maternal
22	21657824	21657825	564	31	C	T	CpG>TpG	569	570	9	4	13	0.3076923076923077	18	0	18	30	0	30	64.0	54.0	90.0	19.500000000000007	18.000000000000007	maternal
22	21657824	21657825	565	31	C	T	CpG>TpG	569	570	8	5	13	0.38461538461538464	18	0	18	30	0	30	91.0	54.0	90.0	23.00000000000001	21.50000000000001	maternal
22	21657824	21657825	574	31	C	T	CpG>TpG	569	570	12	7	19	0.3684210526315789	18	0	18	30	0	30	99.0	54.0	90.0	38.8	37.3	maternal
22	28571669	28571670	591	33	G	A	CpG>TpG	594	598	15	19	34	0.5588235294117647	35	0	35	41	0	41	99.0	99.0	99.0	29.9	27.4	paternal
22	28571669	28571670	602	33	G	A	CpG>TpG	594	598	23	22	45	0.4888888888888889	35	0	35	41	0	41	99.0	99.0	99.0	23.8	21.3	paternal
22	41399992	41399993	421	24_D	G	A	CpG>TpG	426	428	13	16	29	0.5517241379310345	37	0	37	28	0	28	99.0	99.0	63.0	23.3	22.3	na
22	41399992	41399993	474	24_D	G	A	CpG>TpG	426	428	16	31	47	0.6595744680851063	37	0	37	28	0	28	99.0	99.0	63.0	31.599999999999994	30.599999999999994	na
3	2269011	2269012	361	22	T	C	T>C	362	360	17	17	34	0.5	20	0	20	32	0	32	99.0	47.0	84.0	33.7	32.50000000000001	maternal
3	2269011	2269012	363	22	T	C	T>C	362	360	12	10	22	0.4545454545454545	20	0	20	32	0	32	99.0	47.0	84.0	22.8	21.60000000000001	maternal
3	6182294	6182295	221	14	C	T	CpG>TpG	231	230	14	11	25	0.44	31	0	31	27	0	27	99.0	81.0	75.0	38.0	36.7	paternal
3	6182294	6182295	229	14	C	T	CpG>TpG	231	230	22	14	36	0.3888888888888889	31	0	31	27	0	27	99.0	81.0	75.0	36.8	35.5	paternal
3	20119130	20119131	565	31	G	T	C>A	569	570	19	20	39	0.5128205128205128	35	0	35	21	0	21	99.0	87.0	60.0	23.00000000000001	21.50000000000001	maternal
3	20119130	20119131	566	31	G	T	C>A	569	570	15	19	34	0.5588235294117647	35	0	35	21	0	21	99.0	87.0	60.0	25.300000000000004	23.800000000000004	maternal
3	20254403	20254404	137	9	C	T	C>T	145	144	21	16	37	0.4324324324324325	39	0	39	24	0	24	99.0	78.0	39.0	37.1	35.2	maternal
3	20254403	20254404	139	9	C	T	C>T	145	144	16	9	25	0.36	39	0	39	24	0	24	99.0	78.0	39.0	19.7	17.800000000000004	maternal
3	37841488	37841489	296	19_A	G	T	C>A	295	297	20	21	41	0.5121951219512195	29	0	29	36	0	36	99.0	81.0	68.0	27.20000000000001	25.0	paternal
3	37841488	37841489	298	19_A	G	T	C>A	295	297	23	22	45	0.4888888888888889	29	0	29	36	0	36	99.0	81.0	68.0	37.2	35.0	paternal
3	37841488	37841489	300	19_A	G	T	C>A	295	297	9	16	25	0.64	29	0	29	36	0	36	99.0	81.0	68.0	39.00000000000001	36.8	paternal
3	37841488	37841489	304	19_A	G	T	C>A	295	297	11	13	24	0.5416666666666666	29	0	29	36	0	36	99.0	81.0	68.0	30.20000000000001	28.0	paternal
3	37841488	37841489	318	19_A	G	T	C>A	295	297	10	19	29	0.6551724137931034	29	0	29	36	0	36	99.0	81.0	68.0	25.40000000000001	23.20000000000001	paternal
3	43882985	43882986	3	1	G	A	C>T	2	4	8	12	20	0.6	35	0	35	29	0	29	99.0	99.0	65.0	43.99999999999999	36.8	maternal
3	43882985	43882986	6	1	G	A	C>T	2	4	11	16	27	0.5925925925925926	35	0	35	29	0	29	99.0	99.0	65.0	32.5	25.300000000000008	maternal
3	43882985	43882986	13	1	G	A	C>T	2	4	13	20	33	0.6060606060606061	35	0	35	29	0	29	99.0	99.0	65.0	40.1	32.90000000000001	maternal
3	43893528	43893529	3	1	T	C	T>C	2	4	13	16	29	0.5517241379310345	36	0	36	25	0	25	99.0	99.0	52.0	43.99999999999999	36.8	maternal
3	43893528	43893529	6	1	T	C	T>C	2	4	23	15	38	0.3947368421052632	36	0	36	25	0	25	99.0	99.0	52.0	32.5	25.300000000000008	maternal
3	43893528	43893529	13	1	T	C	T>C	2	4	16	27	43	0.627906976744186	36	0	36	25	0	25	99.0	99.0	52.0	40.1	32.90000000000001	maternal
3	74732644	74732645	381	23	G	C	C>G	387	380	14	17	31	0.5483870967741935	20	0	20	42	0	42	99.0	57.0	99.0	34.300000000000004	27.6	na
3	74732644	74732645	383	23	G	C	C>G	387	380	18	13	31	0.41935483870967744	20	0	20	42	0	42	99.0	57.0	99.0	31.60000000000001	24.90000000000001	na
3	103494612	103494613	60	3_B	G	T	C>A	56	57	9	12	21	0.5714285714285714	32	0	32	33	0	33	99.0	85.0	59.0	23.1	22.2	paternal
3	103494612	103494613	61	3_B	G	T	C>A	56	57	18	21	39	0.5384615384615384	32	0	32	33	0	33	99.0	85.0	59.0	24.90000000000001	24.0	paternal
3	103494612	103494613	62	3_B	G	T	C>A	56	57	29	21	50	0.42	32	0	32	33	0	33	99.0	85.0	59.0	29.70000000000001	28.8	paternal
3	119566371	119566372	487	25	A	G	T>C	489	494	14	21	35	0.6	28	0	28	34	0	34	99.0	73.0	99.0	23.0	21.599999999999994	paternal
3	119566371	119566372	492	25	A	G	T>C	489	494	24	19	43	0.4418604651162791	28	0	28	34	0	34	99.0	73.0	99.0	33.8	32.39999999999999	paternal
3	123849575	123849576	25	2_B	A	T	T>A	31	28	21	19	40	0.475	25	0	25	36	0	36	99.0	72.0	68.0	34.2	31.0	maternal
3	123849575	123849576	29	2_B	A	T	T>A	31	28	15	16	31	0.5161290322580645	25	0	25	36	0	36	99.0	72.0	68.0	41.0	37.8	maternal
3	126374297	126374298	446	24_C	A	G	T>C	444	445	27	17	44	0.3863636363636364	34	0	34	39	0	39	99.0	96.0	99.0	34.6	29.7	maternal
3	126374297	126374298	463	24_C	A	G	T>C	444	445	10	14	24	0.5833333333333334	34	0	34	39	0	39	99.0	96.0	99.0	32.1	27.2	maternal
3	126374297	126374298	464	24_C	A	G	T>C	444	445	17	22	39	0.5641025641025641	34	0	34	39	0	39	99.0	96.0	99.0	30.4	25.5	maternal
3	126374297	126374298	472	24_C	A	G	T>C	444	445	18	10	28	0.35714285714285715	34	0	34	39	0	39	99.0	96.0	99.0	36.6	31.7	maternal
3	136130032	136130033	591	33	C	T	C>T	594	598	13	21	34	0.6176470588235294	31	0	31	27	0	27	99.0	90.0	75.0	29.9	27.4	na
3	136130032	136130033	595	33	C	T	C>T	594	598	12	22	34	0.6470588235294118	31	0	31	27	0	27	99.0	90.0	75.0	40.7	38.2	na
3	136130032	136130033	600	33	C	T	C>T	594	598	16	23	39	0.5897435897435898	31	0	31	27	0	27	99.0	90.0	75.0	21.4	18.9	na
3	173123993	173123994	421	24_D	A	G	T>C	426	428	23	18	41	0.4390243902439024	24	0	24	29	0	29	99.0	72.0	81.0	23.3	22.3	paternal
3	173123993	173123994	474	24_D	A	G	T>C	426	428	12	17	29	0.5862068965517241	24	0	24	29	0	29	99.0	72.0	81.0	31.599999999999994	30.599999999999994	paternal
3	174498092	174498093	321	20	C	A	C>A	328	327	20	21	41	0.5121951219512195	36	0	36	36	0	36	99.0	67.0	99.0	36.00000000000001	35.9	maternal
3	174498092	174498093	326	20	C	A	C>A	328	327	20	17	37	0.4594594594594595	36	0	36	36	0	36	99.0	67.0	99.0	30.300000000000004	30.2	maternal
3	180290657	180290658	591	33	T	C	T>C	594	598	8	7	15	0.4666666666666667	29	0	29	37	0	37	99.0	81.0	99.0	29.9	27.4	paternal
3	180290657	180290658	600	33	T	C	T>C	594	598	24	15	39	0.38461538461538464	29	0	29	37	0	37	99.0	81.0	99.0	21.4	18.9	paternal
3	185133131	185133132	319	20	G	A	C>T	328	327	11	10	21	0.4761904761904762	31	0	31	28	0	28	99.0	90.0	72.0	34.300000000000004	34.2	maternal
3	185133131	185133132	320	20	G	A	C>T	328	327	13	16	29	0.5517241379310345	31	0	31	28	0	28	99.0	90.0	72.0	27.00000000000001	26.9	maternal
4	10915609	10915610	225	14	G	A	CpG>TpG	231	230	12	18	30	0.6	21	0	21	29	0	29	99.0	57.0	67.0	29.8	28.5	na
4	10915609	10915610	228	14	G	A	CpG>TpG	231	230	17	11	28	0.3928571428571429	21	0	21	29	0	29	99.0	57.0	67.0	25.099999999999994	23.8	na
4	14636652	14636653	300	19_A	T	G	T>G	295	297	15	13	28	0.4642857142857143	28	0	28	41	0	41	99.0	75.0	92.0	39.00000000000001	36.8	paternal
4	14636652	14636653	303	19_A	T	G	T>G	295	297	7	16	23	0.6956521739130435	28	0	28	41	0	41	99.0	75.0	92.0	35.50000000000001	33.300000000000004	paternal
4	14636652	14636653	318	19_A	T	G	T>G	295	297	11	13	24	0.5416666666666666	28	0	28	41	0	41	99.0	75.0	92.0	25.40000000000001	23.20000000000001	paternal
4	33166433	33166434	385	23	A	C	T>G	387	380	10	19	29	0.6551724137931034	31	0	31	34	0	34	99.0	90.0	99.0	37.00000000000001	30.300000000000004	maternal
4	33166433	33166434	390	23	A	C	T>G	387	380	18	16	34	0.4705882352941176	31	0	31	34	0	34	99.0	90.0	99.0	38.40000000000001	31.70000000000001	maternal
4	35870550	35870551	252	16	G	A	C>T	257	259	13	10	23	0.43478260869565216	24	0	24	33	0	33	99.0	35.0	90.0	39.8	42.60000000000001	maternal
4	35870550	35870551	256	16	G	A	C>T	257	259	13	16	29	0.5517241379310345	24	0	24	33	0	33	99.0	35.0	90.0	24.099999999999994	26.90000000000001	maternal
4	39208064	39208065	323	20	C	A	C>A	328	327	18	15	33	0.4545454545454545	39	0	39	33	0	33	99.0	99.0	90.0	25.20000000000001	25.099999999999994	maternal
4	39208064	39208065	333	20	C	A	C>A	328	327	17	19	36	0.5277777777777778	39	0	39	33	0	33	99.0	99.0	90.0	40.50000000000001	40.4	maternal
4	44796099	44796100	80	5	T	C	T>C	86	81	19	17	36	0.4722222222222222	32	0	32	31	0	31	99.0	72.0	71.0	35.099999999999994	33.40000000000001	maternal
4	44796099	44796100	90	5	T	C	T>C	86	81	15	16	31	0.5161290322580645	32	0	32	31	0	31	99.0	72.0	71.0	23.7	22.00000000000001	maternal
4	63480981	63480982	589	33	A	T	T>A	594	598	19	14	33	0.42424242424242425	24	0	24	38	0	38	99.0	66.0	99.0	25.4	22.9	maternal
4	63480981	63480982	592	33	A	T	T>A	594	598	17	22	39	0.5641025641025641	24	0	24	38	0	38	99.0	66.0	99.0	42.2	39.7	maternal
4	65725315	65725316	156	10	G	A	C>T	163	164	8	7	15	0.4666666666666667	18	0	18	22	0	22	99.0	54.0	32.0	36.7	33.8	paternal
4	65725315	65725316	161	10	G	A	C>T	163	164	5	7	12	0.5833333333333334	18	0	18	22	0	22	99.0	54.0	32.0	41.50000000000001	38.6	paternal
4	71378143	71378144	505	27	C	A	C>A	508	512	21	17	38	0.4473684210526316	18	0	18	21	0	21	99.0	20.0	57.0	26.8	21.70000000000001	maternal
4	71378143	71378144	513	27	C	A	C>A	508	512	14	13	27	0.4814814814814815	18	0	18	21	0	21	99.0	20.0	57.0	29.39999999999999	24.3	maternal
4	72412020	72412021	320	20	G	A	CpG>TpG	328	327	21	13	34	0.38235294117647056	39	0	39	37	0	37	99.0	97.0	94.0	27.00000000000001	26.9	maternal
4	72412020	72412021	322	20	G	A	CpG>TpG	328	327	12	13	25	0.52	39	0	39	37	0	37	99.0	97.0	94.0	20.10000000000001	20.0	maternal
4	73359623	73359624	250	16	T	C	T>C	257	259	13	10	23	0.43478260869565216	26	0	26	28	0	28	99.0	72.0	81.0	27.7	30.50000000000001	maternal
4	73359623	73359624	251	16	T	C	T>C	257	259	13	21	34	0.6176470588235294	26	0	26	28	0	28	99.0	72.0	81.0	29.39999999999999	32.2	maternal
4	102386527	102386528	242	15	G	A	CpG>TpG	247	246	25	21	46	0.4565217391304348	31	0	31	29	0	29	99.0	81.0	84.0	41.8	35.7	maternal
4	102386527	102386528	249	15	G	A	CpG>TpG	247	246	16	14	30	0.4666666666666667	31	0	31	29	0	29	99.0	81.0	84.0	43.8	37.7	maternal
4	106654938	106654939	1	1	G	C	C>G	2	4	18	13	31	0.41935483870967744	36	0	36	27	0	27	99.0	90.0	61.0	29.8	22.60000000000001	paternal
4	106654938	106654939	3	1	G	C	C>G	2	4	13	13	26	0.5	36	0	36	27	0	27	99.0	90.0	61.0	43.99999999999999	36.8	paternal
4	106654943	106654944	1	1	T	G	T>G	2	4	17	13	30	0.43333333333333335	35	0	35	30	0	30	99.0	99.0	73.0	29.8	22.60000000000001	paternal
4	106654943	106654944	3	1	T	G	T>G	2	4	13	13	26	0.5	35	0	35	30	0	30	99.0	99.0	73.0	43.99999999999999	36.8	paternal
4	109362734	109362735	153	10	G	A	C>T	163	164	8	10	18	0.5555555555555556	30	0	30	39	0	39	99.0	62.0	99.0	25.90000000000001	23.0	na
4	109362734	109362735	155	10	G	A	C>T	163	164	21	15	36	0.4166666666666667	30	0	30	39	0	39	99.0	62.0	99.0	30.00000000000001	27.1	na
4	139430405	139430406	70	4	A	G	T>C	77	76	22	14	36	0.3888888888888889	31	0	31	32	0	32	99.0	90.0	59.0	25.5	25.599999999999994	paternal
4	139430405	139430406	71	4	A	G	T>C	77	76	16	17	33	0.5151515151515151	31	0	31	32	0	32	99.0	90.0	59.0	29.800000000000004	29.9	paternal
4	139430405	139430406	74	4	A	G	T>C	77	76	16	18	34	0.5294117647058824	31	0	31	32	0	32	99.0	90.0	59.0	23.0	23.099999999999994	paternal
4	139430405	139430406	75	4	A	G	T>C	77	76	11	12	23	0.5217391304347826	31	0	31	32	0	32	99.0	90.0	59.0	20.6	20.7	paternal
4	143683488	143683489	396	24_B	A	G	T>C	431	432	14	15	29	0.5172413793103449	23	0	23	41	0	41	99.0	61.0	99.0	32.8	29.70000000000001	paternal
4	143683488	143683489	429	24_B	A	G	T>C	431	432	11	13	24	0.5416666666666666	23	0	23	41	0	41	99.0	61.0	99.0	26.599999999999994	23.5	paternal
4	148409396	148409397	595	33	C	T	C>T	594	598	11	7	18	0.3888888888888889	28	0	28	38	0	38	99.0	78.0	76.0	40.7	38.2	na
4	148409396	148409397	600	33	C	T	C>T	594	598	18	19	37	0.5135135135135135	28	0	28	38	0	38	99.0	78.0	76.0	21.4	18.9	na
4	150465807	150465808	296	19_A	T	G	T>G	295	297	22	14	36	0.3888888888888889	35	0	35	33	0	33	99.0	99.0	90.0	27.20000000000001	25.0	paternal
4	150465807	150465808	318	19_A	T	G	T>G	295	297	14	16	30	0.5333333333333333	35	0	35	33	0	33	99.0	99.0	90.0	25.40000000000001	23.20000000000001	paternal
4	163417919	163417920	17	2_A	A	G	T>C	39	40	24	16	40	0.4	36	0	36	27	0	27	99.0	99.0	72.0	39.7	39.5	paternal
4	163417919	163417920	38	2_A	A	G	T>C	39	40	19	11	30	0.3666666666666665	36	0	36	27	0	27	99.0	99.0	72.0	37.40000000000001	37.2	paternal
4	167426304	167426305	45	3_A	A	G	T>C	48	49	19	19	38	0.5	28	0	28	23	0	23	99.0	81.0	60.0	38.2	29.800000000000004	paternal
4	167426304	167426305	53	3_A	A	G	T>C	48	49	23	18	41	0.4390243902439024	28	0	28	23	0	23	99.0	81.0	60.0	32.599999999999994	24.20000000000001	paternal
4	168399185	168399186	469	24_E	G	T	C>A	461	462	14	17	31	0.5483870967741935	29	0	29	36	0	36	99.0	72.0	99.0	34.3	29.70000000000001	maternal
4	168399185	168399186	476	24_E	G	T	C>A	461	462	9	19	28	0.6785714285714286	29	0	29	36	0	36	99.0	72.0	99.0	26.5	21.9	maternal
4	168399185	168399186	477	24_E	G	T	C>A	461	462	13	18	31	0.5806451612903226	29	0	29	36	0	36	99.0	72.0	99.0	27.89999999999999	23.3	maternal
4	171279581	171279582	396	24_B	G	A	C>T	431	432	13	11	24	0.4583333333333333	34	0	34	37	0	37	99.0	99.0	99.0	32.8	29.70000000000001	paternal
4	171279581	171279582	429	24_B	G	A	C>T	431	432	17	17	34	0.5	34	0	34	37	0	37	99.0	99.0	99.0	26.599999999999994	23.5	paternal
4	176443214	176443215	381	23	G	A	CpG>TpG	387	380	14	21	35	0.6	34	0	34	37	0	37	99.0	99.0	99.0	34.300000000000004	27.6	na
4	176443214	176443215	383	23	G	A	CpG>TpG	387	380	20	17	37	0.4594594594594595	34	0	34	37	0	37	99.0	99.0	99.0	31.60000000000001	24.90000000000001	na
5	1351089	1351090	68	4	G	A	C>T	77	76	13	17	30	0.5666666666666667	36	0	36	31	0	31	99.0	99.0	84.0	19.5	19.599999999999994	paternal
5	1351089	1351090	74	4	G	A	C>T	77	76	19	17	36	0.4722222222222222	36	0	36	31	0	31	99.0	99.0	84.0	23.0	23.099999999999994	paternal
5	1351089	1351090	75	4	G	A	C>T	77	76	7	12	19	0.631578947368421	36	0	36	31	0	31	99.0	99.0	84.0	20.6	20.7	paternal
5	2359978	2359979	3	1	G	A	C>T	2	4	13	14	27	0.5185185185185185	37	0	37	37	0	37	99.0	99.0	93.0	43.99999999999999	36.8	na
5	2359978	2359979	6	1	G	A	C>T	2	4	17	11	28	0.3928571428571429	37	0	37	37	0	37	99.0	99.0	93.0	32.5	25.300000000000008	na
5	9238774	9238775	301	19_A	G	A	CpG>TpG	295	297	10	19	29	0.6551724137931034	32	0	32	36	0	36	99.0	90.0	99.0	29.20000000000001	27.0	paternal
5	9238774	9238775	303	19_A	G	A	CpG>TpG	295	297	9	15	24	0.625	32	0	32	36	0	36	99.0	90.0	99.0	35.50000000000001	33.300000000000004	paternal
5	9238774	9238775	318	19_A	G	A	CpG>TpG	295	297	12	8	20	0.4	32	0	32	36	0	36	99.0	90.0	99.0	25.40000000000001	23.20000000000001	paternal
5	9747970	9747971	325	20	G	T	C>A	328	327	6	8	14	0.5714285714285714	36	0	36	40	0	40	99.0	99.0	99.0	28.70000000000001	28.599999999999994	maternal
5	9747970	9747971	333	20	G	T	C>A	328	327	20	16	36	0.4444444444444444	36	0	36	40	0	40	99.0	99.0	99.0	40.50000000000001	40.4	maternal
5	23779900	23779901	296	19_A	C	T	C>T	295	297	17	11	28	0.3928571428571429	38	0	38	24	0	24	99.0	99.0	66.0	27.20000000000001	25.0	paternal
5	23779900	23779901	298	19_A	C	T	C>T	295	297	22	30	52	0.5769230769230769	38	0	38	24	0	24	99.0	99.0	66.0	37.2	35.0	paternal
5	23779900	23779901	305	19_A	C	T	C>T	295	297	15	14	29	0.4827586206896552	38	0	38	24	0	24	99.0	99.0	66.0	28.10000000000001	25.90000000000001	paternal
5	39253468	39253469	399	24_C	G	T	C>A	444	445	11	23	34	0.6764705882352942	34	0	34	28	0	28	99.0	99.0	48.0	40.6	35.7	na
5	39253468	39253469	448	24_C	G	T	C>A	444	445	17	17	34	0.5	34	0	34	28	0	28	99.0	99.0	48.0	28.3	23.39999999999999	na
5	62260790	62260791	187	12	A	G	T>C	191	195	16	15	31	0.4838709677419355	27	0	27	36	0	36	99.0	72.0	99.0	32.5	28.8	maternal
5	62260790	62260791	189	12	A	G	T>C	191	195	12	10	22	0.4545454545454545	27	0	27	36	0	36	99.0	72.0	99.0	48.5	44.8	maternal
5	76707982	76707983	495	26	T	C	T>C	500	499	22	18	40	0.45	35	0	35	35	0	35	99.0	88.0	99.0	26.300000000000004	23.00000000000001	maternal
5	76707982	76707983	504	26	T	C	T>C	500	499	16	14	30	0.4666666666666667	35	0	35	35	0	35	99.0	88.0	99.0	28.20000000000001	24.90000000000001	maternal
5	83112563	83112564	23	2_B	A	C	T>G	31	28	20	10	30	0.3333333333333333	25	0	25	34	0	34	99.0	70.0	99.0	24.7	21.5	na
5	83112563	83112564	30	2_B	A	C	T>G	31	28	14	16	30	0.5333333333333333	25	0	25	34	0	34	99.0	70.0	99.0	43.1	39.89999999999999	na
5	99533246	99533247	395	24_B	G	A	C>T	431	432	10	19	29	0.6551724137931034	32	0	32	37	0	37	99.0	90.0	99.0	30.7	27.6	maternal
5	99533246	99533247	397	24_B	G	A	C>T	431	432	16	22	38	0.5789473684210527	32	0	32	37	0	37	99.0	90.0	99.0	36.4	33.300000000000004	maternal
5	110416511	110416512	250	16	C	T	CpG>TpG	257	259	9	8	17	0.4705882352941176	38	0	38	32	0	32	99.0	99.0	90.0	27.7	30.50000000000001	paternal
5	110416511	110416512	264	16	C	T	CpG>TpG	257	259	19	11	30	0.3666666666666665	38	0	38	32	0	32	99.0	99.0	90.0	25.2	28.00000000000001	paternal
5	113268656	113268657	464	24_C	C	T	C>T	444	445	14	12	26	0.4615384615384616	35	0	35	38	0	38	99.0	99.0	99.0	30.4	25.5	maternal
5	113268656	113268657	472	24_C	C	T	C>T	444	445	7	14	21	0.6666666666666666	35	0	35	38	0	38	99.0	99.0	99.0	36.6	31.7	maternal
5	128751770	128751771	535	29	T	C	T>C	541	538	17	17	34	0.5	37	0	37	40	0	40	99.0	99.0	99.0	24.5	23.300000000000004	maternal
5	128751770	128751771	539	29	T	C	T>C	541	538	17	18	35	0.5142857142857142	37	0	37	40	0	40	99.0	99.0	99.0	34.49999999999999	33.300000000000004	maternal
5	128751770	128751771	548	29	T	C	T>C	541	538	13	14	27	0.5185185185185185	37	0	37	40	0	40	99.0	99.0	99.0	26.099999999999994	24.90000000000001	maternal
5	144293617	144293618	385	23	A	G	T>C	387	380	8	18	26	0.6923076923076923	39	0	39	28	0	28	99.0	99.0	75.0	37.00000000000001	30.300000000000004	maternal
5	144293617	144293618	390	23	A	G	T>C	387	380	17	13	30	0.43333333333333335	39	0	39	28	0	28	99.0	99.0	75.0	38.40000000000001	31.70000000000001	maternal
5	155129913	155129914	192	12	G	T	C>A	191	195	19	20	39	0.5128205128205128	37	0	37	34	0	34	99.0	99.0	99.0	42.8	39.1	paternal
5	155129913	155129914	193	12	G	T	C>A	191	195	20	18	38	0.4736842105263158	37	0	37	34	0	34	99.0	99.0	99.0	39.7	36.0	paternal
5	155129913	155129914	200	12	G	T	C>A	191	195	21	23	44	0.5227272727272727	37	0	37	34	0	34	99.0	99.0	99.0	34.0	30.3	paternal
5	155129913	155129914	204	12	G	T	C>A	191	195	14	14	28	0.5	37	0	37	34	0	34	99.0	99.0	99.0	35.1	31.4	paternal
5	166322575	166322576	298	19_A	T	G	T>G	295	297	17	19	36	0.5277777777777778	34	0	34	34	0	34	99.0	99.0	64.0	37.2	35.0	paternal
5	166322575	166322576	300	19_A	T	G	T>G	295	297	9	7	16	0.4375	34	0	34	34	0	34	99.0	99.0	64.0	39.00000000000001	36.8	paternal
5	166322575	166322576	303	19_A	T	G	T>G	295	297	12	17	29	0.5862068965517241	34	0	34	34	0	34	99.0	99.0	64.0	35.50000000000001	33.300000000000004	paternal
5	166322575	166322576	318	19_A	T	G	T>G	295	297	15	9	24	0.375	34	0	34	34	0	34	99.0	99.0	64.0	25.40000000000001	23.20000000000001	paternal
5	175948698	175948699	412	24_A	G	A	CpG>TpG	455	454	15	10	25	0.4	37	0	37	32	0	32	99.0	99.0	81.0	43.0	37.8	na
5	175948698	175948699	449	24_A	G	A	CpG>TpG	455	454	15	12	27	0.4444444444444444	37	0	37	32	0	32	99.0	99.0	81.0	25.20000000000001	20.0	na
5	175948698	175948699	473	24_A	G	A	CpG>TpG	455	454	13	18	31	0.5806451612903226	37	0	37	32	0	32	99.0	99.0	81.0	34.2	29.0	na
6	9830870	9830871	153	10	C	T	C>T	163	164	13	9	22	0.4090909090909091	30	0	30	37	0	37	99.0	81.0	99.0	25.90000000000001	23.0	na
6	9830870	9830871	155	10	C	T	C>T	163	164	27	22	49	0.4489795918367347	30	0	30	37	0	37	99.0	81.0	99.0	30.00000000000001	27.1	na
6	16418027	16418028	104	6	C	T	C>T	102	107	12	18	30	0.6	39	0	39	27	0	27	99.0	99.0	42.0	30.5	33.300000000000004	paternal
6	16418027	16418028	106	6	C	T	C>T	102	107	16	15	31	0.4838709677419355	39	0	39	27	0	27	99.0	99.0	42.0	24.0	26.800000000000004	paternal
6	25583779	25583780	42	3_A	A	G	T>C	48	49	24	23	47	0.4893617021276596	27	0	27	32	0	32	99.0	81.0	90.0	33.9	25.50000000000001	paternal
6	25583779	25583780	52	3_A	A	G	T>C	48	49	12	12	24	0.5	27	0	27	32	0	32	99.0	81.0	90.0	30.0	21.60000000000001	paternal
6	62711151	62711152	98	6	G	A	C>T	102	107	16	7	23	0.3043478260869565	30	0	30	27	0	27	99.0	84.0	75.0	32.099999999999994	34.90000000000001	maternal
6	62711151	62711152	103	6	G	A	C>T	102	107	16	12	28	0.42857142857142855	30	0	30	27	0	27	99.0	84.0	75.0	25.7	28.50000000000001	maternal
6	70375264	70375265	565	31	A	T	T>A	569	570	13	9	22	0.4090909090909091	30	0	30	35	0	35	99.0	81.0	99.0	23.00000000000001	21.50000000000001	maternal
6	70375264	70375265	566	31	A	T	T>A	569	570	18	19	37	0.5135135135135135	30	0	30	35	0	35	99.0	81.0	99.0	25.300000000000004	23.800000000000004	maternal
6	70375264	70375265	575	31	A	T	T>A	569	570	14	13	27	0.4814814814814815	30	0	30	35	0	35	99.0	81.0	99.0	20.800000000000004	19.300000000000004	maternal
6	70651540	70651541	188	12	T	C	T>C	191	195	15	16	31	0.5161290322580645	42	0	42	28	0	28	99.0	87.0	78.0	36.2	32.5	maternal
6	70651540	70651541	190	12	T	C	T>C	191	195	12	16	28	0.5714285714285714	42	0	42	28	0	28	99.0	87.0	78.0	44.6	40.9	maternal
6	70651540	70651541	192	12	T	C	T>C	191	195	15	15	30	0.5	42	0	42	28	0	28	99.0	87.0	78.0	42.8	39.1	maternal
6	70651540	70651541	199	12	T	C	T>C	191	195	23	22	45	0.4888888888888889	42	0	42	28	0	28	99.0	87.0	78.0	25.90000000000001	22.20000000000001	maternal
6	70651540	70651541	201	12	T	C	T>C	191	195	14	13	27	0.4814814814814815	42	0	42	28	0	28	99.0	87.0	78.0	27.0	23.3	maternal
6	71852443	71852444	55	3_B	T	A	T>A	56	57	9	7	16	0.4375	15	0	15	18	0	18	99.0	33.0	48.0	32.300000000000004	31.4	maternal
6	71852443	71852444	59	3_B	T	A	T>A	56	57	16	14	30	0.4666666666666667	15	0	15	18	0	18	99.0	33.0	48.0	36.40000000000001	35.5	maternal
6	71852443	71852444	61	3_B	T	A	T>A	56	57	15	8	23	0.3478260869565217	15	0	15	18	0	18	99.0	33.0	48.0	24.90000000000001	24.0	maternal
6	71852443	71852444	62	3_B	T	A	T>A	56	57	15	10	25	0.4	15	0	15	18	0	18	99.0	33.0	48.0	29.70000000000001	28.8	maternal
6	71852443	71852444	65	3_B	T	A	T>A	56	57	10	9	19	0.4736842105263158	15	0	15	18	0	18	99.0	33.0	48.0	19.700000000000006	18.8	maternal
6	72712068	72712069	11	1	G	A	CpG>TpG	2	4	15	23	38	0.6052631578947368	37	0	37	38	0	38	99.0	99.0	99.0	36.1	28.90000000000001	maternal
6	72712068	72712069	14	1	G	A	CpG>TpG	2	4	18	23	41	0.5609756097560976	37	0	37	38	0	38	99.0	99.0	99.0	31.199999999999992	24.0	maternal
6	91722819	91722820	296	19_A	C	T	C>T	295	297	11	14	25	0.56	31	0	31	30	0	30	99.0	90.0	84.0	27.20000000000001	25.0	paternal
6	91722819	91722820	301	19_A	C	T	C>T	295	297	24	17	41	0.4146341463414634	31	0	31	30	0	30	99.0	90.0	84.0	29.20000000000001	27.0	paternal
6	91722819	91722820	303	19_A	C	T	C>T	295	297	18	18	36	0.5	31	0	31	30	0	30	99.0	90.0	84.0	35.50000000000001	33.300000000000004	paternal
6	91722819	91722820	304	19_A	C	T	C>T	295	297	15	14	29	0.4827586206896552	31	0	31	30	0	30	99.0	90.0	84.0	30.20000000000001	28.0	paternal
6	91722819	91722820	305	19_A	C	T	C>T	295	297	21	25	46	0.5434782608695652	31	0	31	30	0	30	99.0	90.0	84.0	28.10000000000001	25.90000000000001	paternal
6	112878870	112878871	99	6	G	C	C>G	102	107	12	9	21	0.42857142857142855	35	0	35	37	0	37	99.0	99.0	74.0	34.89999999999999	37.7	paternal
6	112878870	112878871	104	6	G	C	C>G	102	107	19	20	39	0.5128205128205128	35	0	35	37	0	37	99.0	99.0	74.0	30.5	33.300000000000004	paternal
6	112878870	112878871	106	6	G	C	C>G	102	107	16	10	26	0.38461538461538464	35	0	35	37	0	37	99.0	99.0	74.0	24.0	26.800000000000004	paternal
6	121608064	121608065	187	12	G	T	C>A	191	195	21	18	39	0.4615384615384616	31	0	31	32	0	32	99.0	61.0	78.0	32.5	28.8	maternal
6	121608064	121608065	189	12	G	T	C>A	191	195	12	16	28	0.5714285714285714	31	0	31	32	0	32	99.0	61.0	78.0	48.5	44.8	maternal
6	130877915	130877916	520	28	G	T	C>A	519	530	16	18	34	0.5294117647058824	20	0	20	34	0	34	99.0	48.0	99.0	24.10000000000001	22.70000000000001	na
6	130877915	130877916	527	28	G	T	C>A	519	530	13	27	40	0.675	20	0	20	34	0	34	99.0	48.0	99.0	42.8	41.4	na
6	145115423	145115424	223	14	C	T	CpG>TpG	231	230	26	20	46	0.43478260869565216	21	0	21	29	0	29	99.0	60.0	78.0	28.099999999999994	26.8	maternal
6	145115423	145115424	225	14	C	T	CpG>TpG	231	230	12	12	24	0.5	21	0	21	29	0	29	99.0	60.0	78.0	29.8	28.5	maternal
6	145115423	145115424	229	14	C	T	CpG>TpG	231	230	23	11	34	0.3235294117647059	21	0	21	29	0	29	99.0	60.0	78.0	36.8	35.5	maternal
7	1847761	1847762	84	5	C	T	CpG>TpG	86	81	16	11	27	0.4074074074074074	40	0	40	32	0	32	99.0	83.0	90.0	24.8	23.10000000000001	paternal
7	1847761	1847762	90	5	C	T	CpG>TpG	86	81	19	10	29	0.3448275862068966	40	0	40	32	0	32	99.0	83.0	90.0	23.7	22.00000000000001	paternal
7	18946253	18946254	453	24_A	G	T	C>A	455	454	19	19	38	0.5	25	0	25	33	0	33	99.0	72.0	99.0	31.90000000000001	26.70000000000001	na
7	18946253	18946254	473	24_A	G	T	C>A	455	454	23	14	37	0.3783783783783784	25	0	25	33	0	33	99.0	72.0	99.0	34.2	29.0	na
7	19638726	19638727	99	6	C	T	C>T	102	107	12	14	26	0.5384615384615384	37	0	37	38	0	38	99.0	99.0	99.0	34.89999999999999	37.7	paternal
7	19638726	19638727	103	6	C	T	C>T	102	107	20	13	33	0.3939393939393939	37	0	37	38	0	38	99.0	99.0	99.0	25.7	28.50000000000001	paternal
7	19638726	19638727	106	6	C	T	C>T	102	107	14	14	28	0.5	37	0	37	38	0	38	99.0	99.0	99.0	24.0	26.800000000000004	paternal
7	26188487	26188488	210	13	G	A	CpG>TpG	211	217	18	16	34	0.4705882352941176	35	0	35	24	0	24	99.0	99.0	63.0	28.8	24.0	na
7	26188487	26188488	216	13	G	A	CpG>TpG	211	217	19	14	33	0.42424242424242425	35	0	35	24	0	24	99.0	99.0	63.0	26.3	21.5	na
7	42136935	42136936	384	23	G	A	CpG>TpG	387	380	15	23	38	0.6052631578947368	37	0	37	38	0	38	99.0	99.0	99.0	30.00000000000001	23.300000000000004	paternal
7	42136935	42136936	393	23	G	A	CpG>TpG	387	380	18	13	31	0.41935483870967744	37	0	37	38	0	38	99.0	99.0	99.0	26.50000000000001	19.800000000000004	paternal
7	61790890	61790891	303	19_A	C	T	C>T	295	297	18	14	32	0.4375	29	0	29	37	0	37	99.0	38.0	99.0	35.50000000000001	33.300000000000004	paternal
7	61790890	61790891	318	19_A	C	T	C>T	295	297	21	11	32	0.34375	29	0	29	37	0	37	99.0	38.0	99.0	25.40000000000001	23.20000000000001	paternal
7	63781298	63781299	535	29	A	G	T>C	541	538	13	9	22	0.4090909090909091	30	0	30	27	0	27	99.0	87.0	81.0	24.5	23.300000000000004	maternal
7	63781298	63781299	539	29	A	G	T>C	541	538	10	17	27	0.6296296296296297	30	0	30	27	0	27	99.0	87.0	81.0	34.49999999999999	33.300000000000004	maternal
7	75160793	75160794	170	11	C	T	CpG>TpG	186	182	22	21	43	0.4883720930232558	27	0	27	31	0	31	99.0	72.0	90.0	46.7	42.7	maternal
7	75160793	75160794	175	11	C	T	CpG>TpG	186	182	22	15	37	0.40540540540540543	27	0	27	31	0	31	99.0	72.0	90.0	23.20000000000001	19.200000000000006	maternal
7	75160793	75160794	185	11	C	T	CpG>TpG	186	182	14	15	29	0.5172413793103449	27	0	27	31	0	31	99.0	72.0	90.0	24.5	20.5	maternal
7	87718229	87718230	148	9	G	A	CpG>TpG	145	144	20	14	34	0.4117647058823529	44	0	44	29	0	29	99.0	99.0	78.0	27.3	25.40000000000001	paternal
7	87718229	87718230	149	9	G	A	CpG>TpG	145	144	11	11	22	0.5	44	0	44	29	0	29	99.0	99.0	78.0	22.599999999999994	20.700000000000006	paternal
7	98360278	98360279	549	30	C	T	C>T	558	557	14	11	25	0.44	40	0	40	18	0	18	99.0	64.0	54.0	29.50000000000001	25.50000000000001	maternal
7	98360278	98360279	556	30	C	T	C>T	558	557	11	9	20	0.45	40	0	40	18	0	18	99.0	64.0	54.0	26.40000000000001	22.40000000000001	maternal
7	98360278	98360279	560	30	C	T	C>T	558	557	22	18	40	0.45	40	0	40	18	0	18	99.0	64.0	54.0	25.10000000000001	21.10000000000001	maternal
7	100525500	100525501	537	29	G	A	CpG>TpG	541	538	16	24	40	0.6	34	0	34	34	0	34	99.0	20.0	34.0	22.39999999999999	21.200000000000006	paternal
7	100525500	100525501	540	29	G	A	CpG>TpG	541	538	21	10	31	0.3225806451612903	34	0	34	34	0	34	99.0	20.0	34.0	35.89999999999999	34.7	paternal
7	102115434	102115435	187	12	C	T	CpG>TpG	191	195	7	14	21	0.6666666666666666	21	0	21	23	0	23	99.0	60.0	69.0	32.5	28.8	na
7	102115434	102115435	189	12	C	T	CpG>TpG	191	195	7	16	23	0.6956521739130435	21	0	21	23	0	23	99.0	60.0	69.0	48.5	44.8	na
7	110658606	110658607	535	29	G	A	CpG>TpG	541	538	21	10	31	0.3225806451612903	30	0	30	28	0	28	99.0	84.0	81.0	24.5	23.300000000000004	maternal
7	110658606	110658607	539	29	G	A	CpG>TpG	541	538	17	14	31	0.4516129032258064	30	0	30	28	0	28	99.0	84.0	81.0	34.49999999999999	33.300000000000004	maternal
7	114138656	114138657	137	9	T	C	T>C	145	144	15	19	34	0.5588235294117647	28	0	28	39	0	39	99.0	35.0	72.0	37.1	35.2	paternal
7	114138656	114138657	138	9	T	C	T>C	145	144	19	13	32	0.40625	28	0	28	39	0	39	99.0	35.0	72.0	23.8	21.90000000000001	paternal
7	114138656	114138657	142	9	T	C	T>C	145	144	14	21	35	0.6	28	0	28	39	0	39	99.0	35.0	72.0	35.4	33.50000000000001	paternal
7	138880427	138880428	236	15	C	T	CpG>TpG	247	246	27	20	47	0.425531914893617	38	0	38	34	0	34	99.0	99.0	99.0	26.6	20.5	paternal
7	138880427	138880428	243	15	C	T	CpG>TpG	247	246	21	18	39	0.4615384615384616	38	0	38	34	0	34	99.0	99.0	99.0	39.6	33.49999999999999	paternal
7	142108202	142108203	321	20	A	G	T>C	328	327	17	9	26	0.3461538461538461	29	0	29	35	0	35	99.0	84.0	99.0	36.00000000000001	35.9	maternal
7	142108202	142108203	326	20	A	G	T>C	328	327	17	13	30	0.43333333333333335	29	0	29	35	0	35	99.0	84.0	99.0	30.300000000000004	30.2	maternal
7	149865790	149865791	266	17	G	A	CpG>TpG	275	276	17	16	33	0.4848484848484849	27	0	27	38	0	38	99.0	81.0	96.0	31.1	28.300000000000004	paternal
7	149865790	149865791	278	17	G	A	CpG>TpG	275	276	12	21	33	0.6363636363636364	27	0	27	38	0	38	99.0	81.0	96.0	23.4	20.6	paternal
7	151283198	151283199	266	17	C	T	CpG>TpG	275	276	26	19	45	0.4222222222222222	37	0	37	28	0	28	99.0	99.0	84.0	31.1	28.300000000000004	maternal
7	151283198	151283199	277	17	C	T	CpG>TpG	275	276	16	14	30	0.4666666666666667	37	0	37	28	0	28	99.0	99.0	84.0	40.5	37.7	maternal
7	151283198	151283199	278	17	C	T	CpG>TpG	275	276	16	23	39	0.5897435897435898	37	0	37	28	0	28	99.0	99.0	84.0	23.4	20.6	maternal
7	154513239	154513240	582	32	G	A	C>T	584	578	16	10	26	0.38461538461538464	40	0	40	34	0	34	99.0	98.0	99.0	29.00000000000001	20.1	paternal
7	154513239	154513240	588	32	G	A	C>T	584	578	12	19	31	0.6129032258064516	40	0	40	34	0	34	99.0	98.0	99.0	41.10000000000001	32.2	paternal
7	158104404	158104405	384	23	C	T	CpG>TpG	387	380	19	19	38	0.5	36	0	36	36	0	36	99.0	99.0	99.0	30.00000000000001	23.300000000000004	paternal
7	158104404	158104405	393	23	C	T	CpG>TpG	387	380	26	23	49	0.4693877551020408	36	0	36	36	0	36	99.0	99.0	99.0	26.50000000000001	19.800000000000004	paternal
8	5866616	5866617	589	33	C	T	CpG>TpG	594	598	20	17	37	0.4594594594594595	34	0	34	31	0	31	99.0	99.0	90.0	25.4	22.9	na
8	5866616	5866617	601	33	C	T	CpG>TpG	594	598	7	9	16	0.5625	34	0	34	31	0	31	99.0	99.0	90.0	27.8	25.3	na
8	5877618	5877619	11	1	A	G	T>C	2	4	9	16	25	0.64	27	0	27	31	0	31	99.0	72.0	90.0	36.1	28.90000000000001	paternal
8	5877618	5877619	14	1	A	G	T>C	2	4	19	9	28	0.32142857142857145	27	0	27	31	0	31	99.0	72.0	90.0	31.199999999999992	24.0	paternal
8	43704368	43704369	401	24_A	C	T	C>T	455	454	20	14	34	0.4117647058823529	25	0	25	14	0	14	99.0	72.0	39.0	37.6	32.4	paternal
8	43704368	43704369	412	24_A	C	T	C>T	455	454	19	10	29	0.3448275862068966	25	0	25	14	0	14	99.0	72.0	39.0	43.0	37.8	paternal
8	43704368	43704369	473	24_A	C	T	C>T	455	454	15	24	39	0.6153846153846154	25	0	25	14	0	14	99.0	72.0	39.0	34.2	29.0	paternal
8	47712264	47712265	565	31	C	G	C>G	569	570	19	15	34	0.4411764705882353	23	0	23	28	0	28	99.0	60.0	75.0	23.00000000000001	21.50000000000001	paternal
8	47712264	47712265	575	31	C	G	C>G	569	570	13	23	36	0.6388888888888888	23	0	23	28	0	28	99.0	60.0	75.0	20.800000000000004	19.300000000000004	paternal
8	60766037	60766038	355	21_B	G	T	C>A	348	349	24	17	41	0.4146341463414634	32	0	32	29	0	29	99.0	90.0	87.0	29.300000000000004	28.300000000000004	na
8	60766037	60766038	358	21_B	G	T	C>A	348	349	17	22	39	0.5641025641025641	32	0	32	29	0	29	99.0	90.0	87.0	35.2	34.2	na
8	108218386	108218387	355	21_B	T	A	T>A	348	349	15	9	24	0.375	24	0	24	31	0	31	99.0	64.0	90.0	29.300000000000004	28.300000000000004	paternal
8	108218386	108218387	358	21_B	T	A	T>A	348	349	17	18	35	0.5142857142857142	24	0	24	31	0	31	99.0	64.0	90.0	35.2	34.2	paternal
8	118642838	118642839	523	28	G	A	C>T	519	530	23	19	42	0.4523809523809524	33	0	33	34	0	34	99.0	99.0	99.0	32.800000000000004	31.4	na
8	118642838	118642839	526	28	G	A	C>T	519	530	13	19	32	0.59375	33	0	33	34	0	34	99.0	99.0	99.0	40.00000000000001	38.6	na
8	129726914	129726915	170	11	C	T	CpG>TpG	186	182	15	13	28	0.4642857142857143	32	0	32	40	0	40	99.0	93.0	99.0	46.7	42.7	na
8	129726914	129726915	175	11	C	T	CpG>TpG	186	182	15	15	30	0.5	32	0	32	40	0	40	99.0	93.0	99.0	23.20000000000001	19.200000000000006	na
8	129726914	129726915	185	11	C	T	CpG>TpG	186	182	13	13	26	0.5	32	0	32	40	0	40	99.0	93.0	99.0	24.5	20.5	na
8	139346105	139346106	73	4	C	G	C>G	77	76	15	14	29	0.4827586206896552	30	0	30	21	0	21	99.0	90.0	57.0	37.0	37.1	maternal
8	139346105	139346106	74	4	C	G	C>G	77	76	13	14	27	0.5185185185185185	30	0	30	21	0	21	99.0	90.0	57.0	23.0	23.099999999999994	maternal
8	141881511	141881512	416	24_E	C	T	C>T	461	462	17	19	36	0.5277777777777778	29	0	29	36	0	36	99.0	72.0	99.0	37.8	33.2	paternal
8	141881511	141881512	466	24_E	C	T	C>T	461	462	18	15	33	0.4545454545454545	29	0	29	36	0	36	99.0	72.0	99.0	25.0	20.4	paternal
8	143322470	143322471	482	25	G	A	C>T	489	494	14	27	41	0.6585365853658537	36	0	36	43	0	43	99.0	99.0	99.0	21.4	20.0	maternal
8	143322470	143322471	485	25	G	A	C>T	489	494	15	24	39	0.6153846153846154	36	0	36	43	0	43	99.0	99.0	99.0	36.5	35.099999999999994	maternal
9	82075	82076	364	22	C	G	C>G	362	360	5	9	14	0.6428571428571429	16	0	16	16	0	16	99.0	48.0	48.0	24.3	23.10000000000001	maternal
9	82075	82076	368	22	C	G	C>G	362	360	9	5	14	0.35714285714285715	16	0	16	16	0	16	99.0	48.0	48.0	30.3	29.10000000000001	maternal
9	1675988	1675989	205	13	G	C	C>G	211	217	11	14	25	0.56	40	0	40	35	0	35	99.0	99.0	99.0	37.8	33.0	maternal
9	1675988	1675989	213	13	G	C	C>G	211	217	18	15	33	0.4545454545454545	40	0	40	35	0	35	99.0	99.0	99.0	35.9	31.1	maternal
9	1675988	1675989	215	13	G	C	C>G	211	217	11	23	34	0.6764705882352942	40	0	40	35	0	35	99.0	99.0	99.0	34.099999999999994	29.3	maternal
9	12141232	12141233	197	12	A	G	T>C	191	195	16	16	32	0.5	41	0	41	30	0	30	99.0	99.0	90.0	28.1	24.4	na
9	12141232	12141233	201	12	A	G	T>C	191	195	18	13	31	0.41935483870967744	41	0	41	30	0	30	99.0	99.0	90.0	27.0	23.3	na
9	13638511	13638512	355	21_B	C	A	C>A	348	349	25	20	45	0.4444444444444444	41	0	41	38	0	38	99.0	99.0	99.0	29.300000000000004	28.300000000000004	na
9	13638511	13638512	358	21_B	C	A	C>A	348	349	14	17	31	0.5483870967741935	41	0	41	38	0	38	99.0	99.0	99.0	35.2	34.2	na
9	35972433	35972434	451	24_A	G	T	C>A	455	454	20	18	38	0.4736842105263158	36	0	36	36	0	36	99.0	99.0	99.0	27.6	22.4	maternal
9	35972433	35972434	453	24_A	G	T	C>A	455	454	17	17	34	0.5	36	0	36	36	0	36	99.0	99.0	99.0	31.90000000000001	26.70000000000001	maternal
9	37969894	37969895	386	23	G	A	C>T	387	380	16	23	39	0.5897435897435898	40	0	40	34	0	34	99.0	99.0	69.0	39.40000000000001	32.7	na
9	37969894	37969895	393	23	G	A	C>T	387	380	19	17	36	0.4722222222222222	40	0	40	34	0	34	99.0	99.0	69.0	26.50000000000001	19.800000000000004	na
9	44363800	44363801	589	33	G	T	C>A	594	598	7	6	13	0.4615384615384616	19	0	19	21	0	21	99.0	57.0	37.0	25.4	22.9	paternal
9	44363800	44363801	591	33	G	T	C>A	594	598	8	4	12	0.3333333333333333	19	0	19	21	0	21	97.0	57.0	37.0	29.9	27.4	paternal
9	68670349	68670350	101	6	G	T	C>A	102	107	6	11	17	0.6470588235294118	14	0	14	16	0	16	99.0	39.0	48.0	27.39999999999999	30.20000000000001	maternal
9	68670349	68670350	105	6	G	T	C>A	102	107	11	6	17	0.35294117647058826	14	0	14	16	0	16	99.0	39.0	48.0	37.39999999999999	40.2	maternal
9	80274049	80274050	205	13	C	A	C>A	211	217	18	15	33	0.4545454545454545	30	0	30	37	0	37	99.0	87.0	99.0	37.8	33.0	maternal
9	80274049	80274050	213	13	C	A	C>A	211	217	16	14	30	0.4666666666666667	30	0	30	37	0	37	99.0	87.0	99.0	35.9	31.1	maternal
9	80274049	80274050	215	13	C	A	C>A	211	217	15	15	30	0.5	30	0	30	37	0	37	99.0	87.0	99.0	34.099999999999994	29.3	maternal
9	91846147	91846148	68	4	G	A	C>T	77	76	8	12	20	0.6	22	0	22	34	0	34	99.0	48.0	64.0	19.5	19.599999999999994	paternal
9	91846147	91846148	71	4	G	A	C>T	77	76	18	11	29	0.3793103448275862	22	0	22	34	0	34	99.0	48.0	64.0	29.800000000000004	29.9	paternal
9	91846147	91846148	74	4	G	A	C>T	77	76	22	20	42	0.4761904761904762	22	0	22	34	0	34	99.0	48.0	64.0	23.0	23.099999999999994	paternal
9	102711216	102711217	150	10	T	G	T>G	163	164	9	15	24	0.625	28	0	28	30	0	30	99.0	57.0	90.0	48.50000000000001	45.6	maternal
9	102711216	102711217	151	10	T	G	T>G	163	164	11	9	20	0.45	28	0	28	30	0	30	99.0	57.0	90.0	21.5	18.599999999999994	maternal
9	104822485	104822486	1	1	A	T	T>A	2	4	10	15	25	0.6	34	0	34	45	0	45	99.0	99.0	99.0	29.8	22.60000000000001	maternal
9	104822485	104822486	11	1	A	T	T>A	2	4	16	16	32	0.5	34	0	34	45	0	45	99.0	99.0	99.0	36.1	28.90000000000001	maternal
9	104822485	104822486	14	1	A	T	T>A	2	4	15	14	29	0.4827586206896552	34	0	34	45	0	45	99.0	99.0	99.0	31.199999999999992	24.0	maternal
9	106254275	106254276	254	16	C	T	C>T	257	259	9	15	24	0.625	35	0	35	25	0	25	99.0	99.0	36.0	31.2	34.00000000000001	paternal
9	106254275	106254276	256	16	C	T	C>T	257	259	24	22	46	0.4782608695652174	35	0	35	25	0	25	99.0	99.0	36.0	24.099999999999994	26.90000000000001	paternal
9	115447319	115447320	523	28	C	T	CpG>TpG	519	530	18	17	35	0.4857142857142857	31	0	31	29	0	29	99.0	87.0	81.0	32.800000000000004	31.4	maternal
9	115447319	115447320	524	28	C	T	CpG>TpG	519	530	17	15	32	0.46875	31	0	31	29	0	29	99.0	87.0	81.0	21.70000000000001	20.3	maternal
9	115447319	115447320	525	28	C	T	CpG>TpG	519	530	23	15	38	0.3947368421052632	31	0	31	29	0	29	99.0	87.0	81.0	35.50000000000001	34.1	maternal
9	115447319	115447320	527	28	C	T	CpG>TpG	519	530	17	19	36	0.5277777777777778	31	0	31	29	0	29	99.0	87.0	81.0	42.8	41.4	maternal
9	115447319	115447320	533	28	C	T	CpG>TpG	519	530	11	15	26	0.5769230769230769	31	0	31	29	0	29	99.0	87.0	81.0	25.800000000000004	24.4	maternal
9	116204766	116204767	396	24_B	C	T	C>T	431	432	9	17	26	0.6538461538461539	33	0	33	32	0	32	99.0	90.0	90.0	32.8	29.70000000000001	maternal
9	116204766	116204767	429	24_B	C	T	C>T	431	432	10	7	17	0.4117647058823529	33	0	33	32	0	32	99.0	90.0	90.0	26.599999999999994	23.5	maternal
9	124126324	124126325	412	24_A	A	G	T>C	455	454	13	23	36	0.6388888888888888	33	0	33	29	0	29	99.0	99.0	81.0	43.0	37.8	paternal
9	124126324	124126325	473	24_A	A	G	T>C	455	454	20	17	37	0.4594594594594595	33	0	33	29	0	29	99.0	99.0	81.0	34.2	29.0	paternal
9	131638933	131638934	591	33	G	A	CpG>TpG	594	598	8	10	18	0.5555555555555556	33	0	33	36	0	36	99.0	96.0	72.0	29.9	27.4	maternal
9	131638933	131638934	595	33	G	A	CpG>TpG	594	598	17	15	32	0.46875	33	0	33	36	0	36	99.0	96.0	72.0	40.7	38.2	maternal
9	138046125	138046126	319	20	C	T	CpG>TpG	328	327	8	17	25	0.68	38	0	38	38	0	38	99.0	99.0	99.0	34.300000000000004	34.2	paternal
9	138046125	138046126	322	20	C	T	CpG>TpG	328	327	15	19	34	0.5588235294117647	38	0	38	38	0	38	99.0	99.0	99.0	20.10000000000001	20.0	paternal
9	140524330	140524331	248	15	T	C	T>C	247	246	16	16	32	0.5	40	0	40	38	0	38	99.0	99.0	99.0	33.5	27.39999999999999	maternal
9	140524330	140524331	249	15	T	C	T>C	247	246	16	16	32	0.5	40	0	40	38	0	38	99.0	99.0	99.0	43.8	37.7	maternal
X	4316104	4316105	518	28	C	A	C>A	519	530	14	16	30	0.5333333333333333	35	0	35	16	0	16	99.0	86.0	48.0	26.800000000000004	25.4	paternal
X	4316104	4316105	527	28	C	A	C>A	519	530	16	15	31	0.4838709677419355	35	0	35	16	0	16	99.0	86.0	48.0	42.8	41.4	paternal
X	11432215	11432216	1	1	G	A	CpG>TpG	2	4	24	20	44	0.4545454545454545	36	0	36	14	0	14	99.0	99.0	39.0	29.8	22.60000000000001	maternal
X	11432215	11432216	12	1	G	A	CpG>TpG	2	4	12	17	29	0.5862068965517241	36	0	36	14	0	14	99.0	99.0	39.0	34.099999999999994	26.90000000000001	maternal
X	24562101	24562102	187	12	A	G	T>C	191	195	24	18	42	0.42857142857142855	28	0	28	16	0	16	99.0	84.0	48.0	32.5	28.8	maternal
X	24562101	24562102	193	12	A	G	T>C	191	195	0	9	9	1.0	28	0	28	16	0	16	27.0	84.0	48.0	39.7	36.0	maternal
X	24645665	24645666	398	24_B	G	A	CpG>TpG	431	432	27	15	42	0.35714285714285715	36	0	36	17	0	17	99.0	99.0	51.0	34.599999999999994	31.5	paternal
X	24645665	24645666	420	24_B	G	A	CpG>TpG	431	432	12	10	22	0.4545454545454545	36	0	36	17	0	17	99.0	99.0	51.0	40.3	37.2	paternal
X	25067821	25067822	589	33	T	C	T>C	594	598	11	13	24	0.5416666666666666	40	0	40	21	0	21	99.0	81.0	60.0	25.4	22.9	maternal
X	25067821	25067822	592	33	T	C	T>C	594	598	1	22	23	0.9565217391304348	40	0	40	21	0	21	59.0	81.0	60.0	42.2	39.7	maternal
X	25067821	25067822	603	33	T	C	T>C	594	598	16	14	30	0.4666666666666667	40	0	40	21	0	21	99.0	81.0	60.0	22.5	20.0	maternal
X	31992353	31992354	589	33	G	A	CpG>TpG	594	598	15	12	27	0.4444444444444444	33	0	33	15	0	15	99.0	99.0	45.0	25.4	22.9	maternal
X	31992353	31992354	592	33	G	A	CpG>TpG	594	598	0	10	10	1.0	33	0	33	15	0	15	30.0	99.0	45.0	42.2	39.7	maternal
X	31992353	31992354	603	33	G	A	CpG>TpG	594	598	10	14	24	0.5833333333333334	33	0	33	15	0	15	99.0	99.0	45.0	22.5	20.0	maternal
X	40397711	40397712	593	33	C	T	CpG>TpG	594	598	0	13	13	1.0	29	0	29	20	0	20	39.0	81.0	60.0	31.0	28.5	maternal
X	40397711	40397712	600	33	C	T	CpG>TpG	594	598	18	14	32	0.4375	29	0	29	20	0	20	99.0	81.0	60.0	21.4	18.9	maternal
X	52741635	52741636	176	11	G	T	C>A	186	182	11	5	16	0.3125	12	0	12	12	0	12	99.0	36.0	36.0	35.2	31.20000000000001	na
X	52741635	52741636	180	11	G	T	C>A	186	182	13	7	20	0.35	12	0	12	12	0	12	99.0	36.0	36.0	40.8	36.8	na
X	79157217	79157218	593	33	G	A	C>T	594	598	0	12	12	1.0	21	0	21	12	0	12	34.0	60.0	36.0	31.0	28.5	maternal
X	79157217	79157218	595	33	G	A	C>T	594	598	0	11	11	1.0	21	0	21	12	0	12	33.0	60.0	36.0	40.7	38.2	maternal
X	84907735	84907736	518	28	C	T	C>T	519	530	13	14	27	0.5185185185185185	34	0	34	15	0	15	99.0	99.0	45.0	26.800000000000004	25.4	maternal
X	84907735	84907736	520	28	C	T	C>T	519	530	1	23	24	0.9583333333333334	34	0	34	15	0	15	32.0	99.0	45.0	24.10000000000001	22.70000000000001	maternal
X	84907735	84907736	523	28	C	T	C>T	519	530	17	10	27	0.3703703703703704	34	0	34	15	0	15	99.0	99.0	45.0	32.800000000000004	31.4	maternal
X	84907735	84907736	524	28	C	T	C>T	519	530	16	16	32	0.5	34	0	34	15	0	15	99.0	99.0	45.0	21.70000000000001	20.3	maternal
X	84907735	84907736	527	28	C	T	C>T	519	530	20	16	36	0.4444444444444444	34	0	34	15	0	15	99.0	99.0	45.0	42.8	41.4	maternal
X	84907735	84907736	533	28	C	T	C>T	519	530	14	17	31	0.5483870967741935	34	0	34	15	0	15	99.0	99.0	45.0	25.800000000000004	24.4	maternal
X	91250569	91250570	536	29	T	G	T>G	541	538	13	17	30	0.5666666666666667	39	0	39	16	0	16	99.0	99.0	42.0	32.599999999999994	31.40000000000001	paternal
X	91250569	91250570	539	29	T	G	T>G	541	538	11	16	27	0.5925925925925926	39	0	39	16	0	16	99.0	99.0	42.0	34.49999999999999	33.300000000000004	paternal
X	91250569	91250570	545	29	T	G	T>G	541	538	18	12	30	0.4	39	0	39	16	0	16	99.0	99.0	42.0	21.2	20.000000000000007	paternal
X	114716005	114716006	579	32	T	C	T>C	584	578	10	19	29	0.6551724137931034	22	0	22	10	0	10	99.0	63.0	30.0	38.7	29.8	paternal
X	114716005	114716006	581	32	T	C	T>C	584	578	11	8	19	0.42105263157894735	22	0	22	10	0	10	99.0	63.0	30.0	31.800000000000004	22.9	paternal
X	126409283	126409284	321	20	T	G	T>G	328	327	11	15	26	0.5769230769230769	38	0	38	17	0	17	99.0	99.0	51.0	36.00000000000001	35.9	maternal
X	126409283	126409284	326	20	T	G	T>G	328	327	16	21	37	0.5675675675675675	38	0	38	17	0	17	99.0	99.0	51.0	30.300000000000004	30.2	maternal
X	127388565	127388566	242	15	C	T	C>T	247	246	0	18	18	1.0	34	0	34	9	0	9	54.0	99.0	27.0	41.8	35.7	maternal
X	127388565	127388566	249	15	C	T	C>T	247	246	0	15	15	1.0	34	0	34	9	0	9	45.0	99.0	27.0	43.8	37.7	maternal
X	133864623	133864624	1	1	G	A	CpG>TpG	2	4	19	15	34	0.4411764705882353	32	0	32	22	0	22	99.0	90.0	42.0	29.8	22.60000000000001	na
X	133864623	133864624	11	1	G	A	CpG>TpG	2	4	16	10	26	0.38461538461538464	32	0	32	22	0	22	99.0	90.0	42.0	36.1	28.90000000000001	na
X	133864623	133864624	12	1	G	A	CpG>TpG	2	4	21	12	33	0.3636363636363637	32	0	32	22	0	22	99.0	90.0	42.0	34.099999999999994	26.90000000000001	na
X	133864623	133864624	14	1	G	A	CpG>TpG	2	4	22	11	33	0.3333333333333333	32	0	32	22	0	22	99.0	90.0	42.0	31.199999999999992	24.0	na
